"idGame","slugTeam","lineup","lineupStint","initialScoreTeam","initialScoreOpp","finalScoreTeam","finalScoreOpp","initialTime","finalTime","totalScoreTeam","totalScoreOpp","netScoreTeam","totalTime"
"21400001","NOP","Anthony Davis, Eric Gordon, Jrue Holiday, Omer Asik, Tyreke Evans",0,0,0,18,14,0,429,18,14,4,429
"21400001","ORL","Elfrid Payton, Evan Fournier, Kyle O'Quinn, Nikola Vucevic, Tobias Harris",0,0,0,14,15,0,403,14,15,-1,403
"21400001","NOP","Anthony Davis, Eric Gordon, Jrue Holiday, Ryan Anderson, Tyreke Evans",1,18,14,18,14,429,445,0,0,0,16
"21400001","ORL","Aaron Gordon, Elfrid Payton, Evan Fournier, Nikola Vucevic, Tobias Harris",1,14,15,14,18,403,445,0,3,-3,42
"21400001","NOP","Anthony Davis, Eric Gordon, John Salmons, Jrue Holiday, Ryan Anderson",2,18,14,20,18,445,543,2,4,-2,98
"21400001","ORL","Aaron Gordon, Ben Gordon, Elfrid Payton, Nikola Vucevic, Tobias Harris",2,14,18,14,20,445,503,0,2,-2,58
"21400001","NOP","Anthony Davis, Jimmer Fredette, John Salmons, Jrue Holiday, Ryan Anderson",3,20,18,20,18,543,543,0,0,0,0
"21400001","ORL","Aaron Gordon, Ben Gordon, Luke Ridnour, Nikola Vucevic, Tobias Harris",3,14,20,18,20,503,543,4,0,4,40
"21400001","NOP","Anthony Davis, Austin Rivers, Jimmer Fredette, John Salmons, Ryan Anderson",4,20,18,23,18,543,574,3,0,3,31
"21400001","ORL","Aaron Gordon, Ben Gordon, Dewayne Dedmon, Luke Ridnour, Tobias Harris",4,18,20,20,23,543,608,2,3,-1,65
"21400001","NOP","Austin Rivers, Jimmer Fredette, John Salmons, Omer Asik, Ryan Anderson",5,23,18,25,22,574,678,2,4,-2,104
"21400001","ORL","Aaron Gordon, Ben Gordon, Dewayne Dedmon, Luke Ridnour, Willie Green",5,20,23,24,27,608,778,4,4,0,170
"21400001","NOP","Austin Rivers, Jimmer Fredette, Omer Asik, Ryan Anderson, Tyreke Evans",6,25,22,31,28,678,911,6,6,0,233
"21400001","ORL","Aaron Gordon, Ben Gordon, Luke Ridnour, Nikola Vucevic, Willie Green",6,24,27,28,28,778,855,4,1,3,77
"21400001","NOP","Austin Rivers, Jimmer Fredette, Jrue Holiday, Omer Asik, Tyreke Evans",7,31,28,31,28,911,911,0,0,0,0
"21400001","ORL","Aaron Gordon, Ben Gordon, Elfrid Payton, Nikola Vucevic, Willie Green",7,28,28,28,28,855,855,0,0,0,0
"21400001","NOP","Anthony Davis, Austin Rivers, Jrue Holiday, Omer Asik, Tyreke Evans",8,31,28,31,28,911,911,0,0,0,0
"21400001","ORL","Aaron Gordon, Ben Gordon, Elfrid Payton, Evan Fournier, Nikola Vucevic",8,28,28,28,31,855,911,0,3,-3,56
"21400001","NOP","Anthony Davis, Eric Gordon, Jrue Holiday, Omer Asik, Tyreke Evans",9,31,28,38,40,911,1201,7,12,-5,290
"21400001","ORL","Aaron Gordon, Elfrid Payton, Evan Fournier, Nikola Vucevic, Tobias Harris",9,28,31,30,34,911,985,2,3,-1,74
"21400001","NOP","Anthony Davis, Eric Gordon, Jrue Holiday, Ryan Anderson, Tyreke Evans",10,38,40,41,48,1201,1440,3,8,-5,239
"21400001","ORL","Elfrid Payton, Evan Fournier, Kyle O'Quinn, Nikola Vucevic, Tobias Harris",10,30,34,40,38,985,1201,10,4,6,216
"21400001","NOP","Anthony Davis, Eric Gordon, Jrue Holiday, Omer Asik, Tyreke Evans",11,41,48,55,56,1440,1756,14,8,6,316
"21400001","ORL","Aaron Gordon, Elfrid Payton, Evan Fournier, Nikola Vucevic, Tobias Harris",11,40,38,44,38,1201,1349,4,0,4,148
"21400001","NOP","Anthony Davis, Austin Rivers, Eric Gordon, Omer Asik, Tyreke Evans",12,55,56,57,61,1756,1877,2,5,-3,121
"21400001","ORL","Ben Gordon, Elfrid Payton, Evan Fournier, Nikola Vucevic, Tobias Harris",12,44,38,46,41,1349,1431,2,3,-1,82
"21400001","NOP","Anthony Davis, Austin Rivers, Eric Gordon, Ryan Anderson, Tyreke Evans",13,57,61,57,61,1877,1877,0,0,0,0
"21400001","ORL","Ben Gordon, Elfrid Payton, Evan Fournier, Kyle O'Quinn, Tobias Harris",13,46,41,46,41,1431,1431,0,0,0,0
"21400001","NOP","Anthony Davis, Austin Rivers, Jimmer Fredette, Ryan Anderson, Tyreke Evans",14,57,61,61,63,1877,2010,4,2,2,133
"21400001","ORL","Aaron Gordon, Elfrid Payton, Evan Fournier, Kyle O'Quinn, Tobias Harris",14,46,41,48,41,1431,1440,2,0,2,9
"21400001","NOP","Anthony Davis, Austin Rivers, Jimmer Fredette, John Salmons, Ryan Anderson",15,61,63,66,78,2010,2214,5,15,-10,204
"21400001","ORL","Elfrid Payton, Evan Fournier, Kyle O'Quinn, Nikola Vucevic, Tobias Harris",15,48,41,59,55,1440,1820,11,14,-3,380
"21400001","NOP","Austin Rivers, Jimmer Fredette, John Salmons, Omer Asik, Ryan Anderson",16,66,78,72,83,2214,2349,6,5,1,135
"21400001","ORL","Ben Gordon, Elfrid Payton, Evan Fournier, Nikola Vucevic, Tobias Harris",16,59,55,59,55,1820,1820,0,0,0,0
"21400001","NOP","Austin Rivers, Eric Gordon, Jimmer Fredette, Omer Asik, Ryan Anderson",17,72,83,72,86,2349,2428,0,3,-3,79
"21400001","ORL","Aaron Gordon, Ben Gordon, Elfrid Payton, Nikola Vucevic, Tobias Harris",17,59,55,61,57,1820,1877,2,2,0,57
"21400001","NOP","Anthony Davis, Austin Rivers, Eric Gordon, Omer Asik, Ryan Anderson",18,72,86,72,86,2428,2428,0,0,0,0
"21400001","ORL","Aaron Gordon, Ben Gordon, Luke Ridnour, Nikola Vucevic, Tobias Harris",18,61,57,63,61,1877,2010,2,4,-2,133
"21400001","NOP","Anthony Davis, Eric Gordon, Omer Asik, Ryan Anderson, Tyreke Evans",19,72,86,72,88,2428,2497,0,2,-2,69
"21400001","ORL","Aaron Gordon, Ben Gordon, Kyle O'Quinn, Luke Ridnour, Tobias Harris",19,63,61,64,61,2010,2034,1,0,1,24
"21400001","NOP","Anthony Davis, Eric Gordon, Jrue Holiday, Omer Asik, Tyreke Evans",20,72,88,74,97,2497,2731,2,9,-7,234
"21400001","ORL","Aaron Gordon, Ben Gordon, Evan Fournier, Kyle O'Quinn, Luke Ridnour",20,64,61,78,64,2034,2160,14,3,11,126
"21400001","NOP","Anthony Davis, Austin Rivers, Eric Gordon, Jrue Holiday, Omer Asik",21,74,97,74,97,2731,2731,0,0,0,0
"21400001","ORL","Aaron Gordon, Ben Gordon, Elfrid Payton, Nikola Vucevic, Tobias Harris",21,78,64,87,72,2160,2481,9,8,1,321
"21400001","NOP","Austin Rivers, Eric Gordon, Jimmer Fredette, Jrue Holiday, Omer Asik",22,74,97,74,97,2731,2731,0,0,0,0
"21400001","ORL","Aaron Gordon, Elfrid Payton, Evan Fournier, Nikola Vucevic, Tobias Harris",22,87,72,87,72,2481,2481,0,0,0,0
"21400001","NOP","Austin Rivers, Eric Gordon, Jeff Withey, Jimmer Fredette, Jrue Holiday",23,74,97,74,97,2731,2731,0,0,0,0
"21400001","ORL","Aaron Gordon, Evan Fournier, Luke Ridnour, Nikola Vucevic, Tobias Harris",23,87,72,88,72,2481,2497,1,0,1,16
"21400001","NOP","Austin Rivers, Jeff Withey, Jimmer Fredette, Jrue Holiday, Luke Babbitt",24,74,97,74,97,2731,2731,0,0,0,0
"21400001","ORL","Aaron Gordon, Evan Fournier, Kyle O'Quinn, Luke Ridnour, Tobias Harris",24,88,72,89,72,2497,2529,1,0,1,32
"21400001","NOP","Alexis Ajinca, Austin Rivers, Jeff Withey, Jimmer Fredette, Luke Babbitt",25,74,97,84,101,2731,2880,10,4,6,149
"21400001","ORL","Ben Gordon, Evan Fournier, Kyle O'Quinn, Luke Ridnour, Tobias Harris",25,89,72,89,74,2529,2621,0,2,-2,92
"21400001","ORL","Aaron Gordon, Ben Gordon, Evan Fournier, Kyle O'Quinn, Luke Ridnour",26,89,74,89,74,2621,2621,0,0,0,0
"21400001","ORL","Aaron Gordon, Ben Gordon, Dewayne Dedmon, Evan Fournier, Luke Ridnour",27,89,74,95,74,2621,2701,6,0,6,80
"21400001","ORL","Aaron Gordon, Devyn Marble, Dewayne Dedmon, Evan Fournier, Luke Ridnour",28,95,74,101,84,2701,2880,6,10,-4,179
"21400002","DAL","Chandler Parsons, Dirk Nowitzki, Jameer Nelson, Monta Ellis, Tyson Chandler",0,0,0,7,6,0,338,7,6,1,338
"21400002","SAS","Danny Green, Marco Belinelli, Matt Bonner, Tim Duncan, Tony Parker",0,0,0,6,7,0,338,6,7,-1,338
"21400002","DAL","Chandler Parsons, Dirk Nowitzki, Greg Smith, Jameer Nelson, Monta Ellis",1,7,6,9,9,338,367,2,3,-1,29
"21400002","SAS","Manu Ginobili, Marco Belinelli, Matt Bonner, Tim Duncan, Tony Parker",1,6,7,6,7,338,338,0,0,0,0
"21400002","DAL","Chandler Parsons, Devin Harris, Greg Smith, Jameer Nelson, Monta Ellis",2,9,9,9,9,367,367,0,0,0,0
"21400002","SAS","Boris Diaw, Manu Ginobili, Marco Belinelli, Tim Duncan, Tony Parker",2,6,7,13,14,338,531,7,7,0,193
"21400002","DAL","Chandler Parsons, Devin Harris, Jameer Nelson, Monta Ellis, Tyson Chandler",3,9,9,14,13,367,531,5,4,1,164
"21400002","SAS","Aron Baynes, Boris Diaw, Manu Ginobili, Marco Belinelli, Tony Parker",3,13,14,18,19,531,603,5,5,0,72
"21400002","DAL","Brandan Wright, Chandler Parsons, Devin Harris, Jameer Nelson, Monta Ellis",4,14,13,19,18,531,603,5,5,0,72
"21400002","SAS","Aron Baynes, Boris Diaw, Cory Joseph, Manu Ginobili, Marco Belinelli",4,18,19,18,19,603,603,0,0,0,0
"21400002","DAL","Brandan Wright, Devin Harris, Dirk Nowitzki, Jameer Nelson, Monta Ellis",5,19,18,19,18,603,603,0,0,0,0
"21400002","SAS","Aron Baynes, Boris Diaw, Cory Joseph, Danny Green, Manu Ginobili",5,18,19,31,28,603,868,13,9,4,265
"21400002","DAL","Al-Farouq Aminu, Brandan Wright, Devin Harris, Dirk Nowitzki, Jameer Nelson",6,19,18,19,18,603,603,0,0,0,0
"21400002","SAS","Aron Baynes, Boris Diaw, Cory Joseph, Danny Green, Marco Belinelli",6,31,28,31,32,868,932,0,4,-4,64
"21400002","DAL","Al-Farouq Aminu, Brandan Wright, Devin Harris, Dirk Nowitzki, Jae Crowder",7,19,18,32,31,603,932,13,13,0,329
"21400002","SAS","Aron Baynes, Cory Joseph, Danny Green, Marco Belinelli, Matt Bonner",7,31,32,31,32,932,932,0,0,0,0
"21400002","DAL","Al-Farouq Aminu, Brandan Wright, Dirk Nowitzki, Jae Crowder, Jameer Nelson",8,32,31,32,31,932,932,0,0,0,0
"21400002","SAS","Aron Baynes, Danny Green, Marco Belinelli, Matt Bonner, Tony Parker",8,31,32,37,34,932,1012,6,2,4,80
"21400002","DAL","Brandan Wright, Dirk Nowitzki, Jae Crowder, Jameer Nelson, Richard Jefferson",9,32,31,32,31,932,932,0,0,0,0
"21400002","SAS","Danny Green, Marco Belinelli, Matt Bonner, Tim Duncan, Tony Parker",9,37,34,41,38,1012,1128,4,4,0,116
"21400002","DAL","Brandan Wright, Dirk Nowitzki, Jameer Nelson, Monta Ellis, Richard Jefferson",10,32,31,32,37,932,993,0,6,-6,61
"21400002","SAS","Danny Green, Manu Ginobili, Matt Bonner, Tim Duncan, Tony Parker",10,41,38,41,38,1128,1128,0,0,0,0
"21400002","DAL","Brandan Wright, Chandler Parsons, Jameer Nelson, Monta Ellis, Richard Jefferson",11,32,37,32,37,993,993,0,0,0,0
"21400002","SAS","Boris Diaw, Danny Green, Manu Ginobili, Tim Duncan, Tony Parker",11,41,38,45,38,1128,1228,4,0,4,100
"21400002","DAL","Chandler Parsons, Jameer Nelson, Monta Ellis, Richard Jefferson, Tyson Chandler",12,32,37,38,41,993,1128,6,4,2,135
"21400002","SAS","Boris Diaw, Cory Joseph, Manu Ginobili, Tim Duncan, Tony Parker",12,45,38,53,45,1228,1382,8,7,1,154
"21400002","DAL","Brandan Wright, Chandler Parsons, Jameer Nelson, Monta Ellis, Richard Jefferson",13,38,41,40,47,1128,1273,2,6,-4,145
"21400002","SAS","Boris Diaw, Cory Joseph, Marco Belinelli, Tim Duncan, Tony Parker",13,53,45,53,45,1382,1440,0,0,0,58
"21400002","DAL","Chandler Parsons, Dirk Nowitzki, Jameer Nelson, Monta Ellis, Richard Jefferson",14,40,47,40,47,1273,1273,0,0,0,0
"21400002","SAS","Danny Green, Marco Belinelli, Matt Bonner, Tim Duncan, Tony Parker",14,53,45,61,62,1440,1778,8,17,-9,338
"21400002","DAL","Chandler Parsons, Dirk Nowitzki, Jameer Nelson, Monta Ellis, Tyson Chandler",15,40,47,40,47,1273,1273,0,0,0,0
"21400002","SAS","Boris Diaw, Danny Green, Marco Belinelli, Tim Duncan, Tony Parker",15,61,62,61,62,1778,1778,0,0,0,0
"21400002","DAL","Chandler Parsons, Devin Harris, Dirk Nowitzki, Monta Ellis, Tyson Chandler",16,40,47,45,52,1273,1371,5,5,0,98
"21400002","SAS","Boris Diaw, Danny Green, Manu Ginobili, Tim Duncan, Tony Parker",16,61,62,63,64,1778,1880,2,2,0,102
"21400002","DAL","Brandan Wright, Chandler Parsons, Devin Harris, Dirk Nowitzki, Monta Ellis",17,45,52,45,53,1371,1440,0,1,-1,69
"21400002","SAS","Aron Baynes, Boris Diaw, Danny Green, Manu Ginobili, Tony Parker",17,63,64,71,72,1880,2017,8,8,0,137
"21400002","DAL","Chandler Parsons, Dirk Nowitzki, Jameer Nelson, Monta Ellis, Tyson Chandler",18,45,53,55,57,1440,1650,10,4,6,210
"21400002","SAS","Aron Baynes, Boris Diaw, Manu Ginobili, Marco Belinelli, Tony Parker",18,71,72,71,72,2017,2017,0,0,0,0
"21400002","DAL","Brandan Wright, Chandler Parsons, Dirk Nowitzki, Jameer Nelson, Monta Ellis",19,55,57,62,61,1650,1778,7,4,3,128
"21400002","SAS","Aron Baynes, Boris Diaw, Cory Joseph, Manu Ginobili, Marco Belinelli",19,71,72,79,86,2017,2378,8,14,-6,361
"21400002","DAL","Chandler Parsons, Dirk Nowitzki, Greg Smith, Jameer Nelson, Monta Ellis",20,62,61,62,63,1778,1865,0,2,-2,87
"21400002","SAS","Aron Baynes, Boris Diaw, Cory Joseph, Danny Green, Marco Belinelli",20,79,86,81,89,2378,2468,2,3,-1,90
"21400002","DAL","Chandler Parsons, Devin Harris, Greg Smith, Jameer Nelson, Monta Ellis",21,62,63,64,63,1865,1880,2,0,2,15
"21400002","SAS","Boris Diaw, Cory Joseph, Danny Green, Marco Belinelli, Tim Duncan",21,81,89,81,89,2468,2478,0,0,0,10
"21400002","DAL","Brandan Wright, Chandler Parsons, Devin Harris, Jameer Nelson, Monta Ellis",22,64,63,72,71,1880,2017,8,8,0,137
"21400002","SAS","Boris Diaw, Danny Green, Marco Belinelli, Tim Duncan, Tony Parker",22,81,89,89,93,2478,2602,8,4,4,124
"21400002","DAL","Brandan Wright, Devin Harris, Jameer Nelson, Monta Ellis, Richard Jefferson",23,72,71,72,71,2017,2017,0,0,0,0
"21400002","SAS","Boris Diaw, Danny Green, Manu Ginobili, Tim Duncan, Tony Parker",23,89,93,100,101,2602,2880,11,8,3,278
"21400002","DAL","Brandan Wright, Devin Harris, Jae Crowder, Monta Ellis, Richard Jefferson",24,72,71,76,73,2017,2160,4,2,2,143
"21400002","DAL","Devin Harris, Dirk Nowitzki, Jae Crowder, Richard Jefferson, Tyson Chandler",25,76,73,86,77,2160,2340,10,4,6,180
"21400002","DAL","Devin Harris, Dirk Nowitzki, Jameer Nelson, Richard Jefferson, Tyson Chandler",26,86,77,89,81,2340,2478,3,4,-1,138
"21400002","DAL","Devin Harris, Dirk Nowitzki, Jameer Nelson, Monta Ellis, Tyson Chandler",27,89,81,89,81,2478,2478,0,0,0,0
"21400002","DAL","Chandler Parsons, Devin Harris, Jameer Nelson, Monta Ellis, Tyson Chandler",28,89,81,93,89,2478,2647,4,8,-4,169
"21400002","DAL","Chandler Parsons, Devin Harris, Dirk Nowitzki, Monta Ellis, Tyson Chandler",29,93,89,101,100,2647,2880,8,11,-3,233
"21400003","HOU","Dwight Howard, James Harden, Patrick Beverley, Terrence Jones, Trevor Ariza",0,0,0,7,14,0,282,7,14,-7,282
"21400003","LAL","Carlos Boozer, Jeremy Lin, Jordan Hill, Kobe Bryant, Wesley Johnson",0,0,0,14,7,0,269,14,7,7,269
"21400003","HOU","James Harden, Patrick Beverley, Tarik Black, Terrence Jones, Trevor Ariza",1,7,14,9,18,282,371,2,4,-2,89
"21400003","LAL","Carlos Boozer, Jeremy Lin, Jordan Hill, Kobe Bryant, Ronnie Price",1,14,7,16,9,269,332,2,2,0,63
"21400003","HOU","James Harden, Jason Terry, Tarik Black, Terrence Jones, Trevor Ariza",2,9,18,14,20,371,520,5,2,3,149
"21400003","LAL","Carlos Boozer, Jordan Clarkson, Jordan Hill, Kobe Bryant, Ronnie Price",2,16,9,20,14,332,520,4,5,-1,188
"21400003","HOU","Donatas Motiejunas, James Harden, Jason Terry, Tarik Black, Terrence Jones",3,14,20,14,20,520,520,0,0,0,0
"21400003","LAL","Ed Davis, Jordan Clarkson, Jordan Hill, Kobe Bryant, Ronnie Price",3,20,14,20,14,520,520,0,0,0,0
"21400003","HOU","Donatas Motiejunas, James Harden, Jason Terry, Kostas Papanikolaou, Tarik Black",4,14,20,16,24,520,573,2,4,-2,53
"21400003","LAL","Ed Davis, Jordan Clarkson, Kobe Bryant, Ronnie Price, Xavier Henry",4,20,14,20,14,520,520,0,0,0,0
"21400003","HOU","Donatas Motiejunas, Jason Terry, Kostas Papanikolaou, Patrick Beverley, Tarik Black",5,16,24,16,24,573,573,0,0,0,0
"21400003","LAL","Ed Davis, Jordan Clarkson, Julius Randle, Ronnie Price, Xavier Henry",5,20,14,37,25,520,887,17,11,6,367
"21400003","HOU","Donatas Motiejunas, Dwight Howard, Jason Terry, Kostas Papanikolaou, Patrick Beverley",6,16,24,25,37,573,887,9,13,-4,314
"21400003","LAL","Ed Davis, Jordan Clarkson, Julius Randle, Ronnie Price, Wesley Johnson",6,37,25,37,25,887,898,0,0,0,11
"21400003","HOU","Dwight Howard, Jason Terry, Kostas Papanikolaou, Patrick Beverley, Terrence Jones",7,25,37,25,37,887,887,0,0,0,0
"21400003","LAL","Ed Davis, Julius Randle, Kobe Bryant, Ronnie Price, Wesley Johnson",7,37,25,37,25,898,931,0,0,0,33
"21400003","HOU","Dwight Howard, James Harden, Kostas Papanikolaou, Patrick Beverley, Terrence Jones",8,25,37,25,37,887,898,0,0,0,11
"21400003","LAL","Jordan Hill, Julius Randle, Kobe Bryant, Ronnie Price, Wesley Johnson",8,37,25,37,25,931,931,0,0,0,0
"21400003","HOU","Dwight Howard, James Harden, Patrick Beverley, Terrence Jones, Trevor Ariza",9,25,37,27,39,898,1013,2,2,0,115
"21400003","LAL","Carlos Boozer, Jordan Hill, Kobe Bryant, Ronnie Price, Wesley Johnson",9,37,25,37,25,931,931,0,0,0,0
"21400003","HOU","James Harden, Patrick Beverley, Tarik Black, Terrence Jones, Trevor Ariza",10,27,39,34,49,1013,1199,7,10,-3,186
"21400003","LAL","Carlos Boozer, Jeremy Lin, Jordan Hill, Kobe Bryant, Wesley Johnson",10,37,25,55,40,931,1338,18,15,3,407
"21400003","HOU","Dwight Howard, James Harden, Patrick Beverley, Terrence Jones, Trevor Ariza",11,34,49,38,49,1199,1257,4,0,4,58
"21400003","LAL","Carlos Boozer, Jeremy Lin, Jordan Clarkson, Jordan Hill, Kobe Bryant",11,55,40,60,45,1338,1435,5,5,0,97
"21400003","HOU","Dwight Howard, James Harden, Jason Terry, Terrence Jones, Trevor Ariza",12,38,49,41,55,1257,1351,3,6,-3,94
"21400003","LAL","Jeremy Lin, Jordan Clarkson, Jordan Hill, Kobe Bryant, Ronnie Price",12,60,45,62,45,1435,1440,2,0,2,5
"21400003","HOU","James Harden, Jason Terry, Tarik Black, Terrence Jones, Trevor Ariza",13,41,55,45,60,1351,1435,4,5,-1,84
"21400003","LAL","Carlos Boozer, Jeremy Lin, Jordan Hill, Kobe Bryant, Wesley Johnson",13,62,45,71,59,1440,1814,9,14,-5,374
"21400003","HOU","James Harden, Jason Terry, Kostas Papanikolaou, Terrence Jones, Trevor Ariza",14,45,60,45,62,1435,1440,0,2,-2,5
"21400003","LAL","Carlos Boozer, Ed Davis, Jeremy Lin, Kobe Bryant, Wesley Johnson",14,71,59,71,59,1814,1814,0,0,0,0
"21400003","HOU","Dwight Howard, James Harden, Patrick Beverley, Terrence Jones, Trevor Ariza",15,45,62,48,65,1440,1507,3,3,0,67
"21400003","LAL","Carlos Boozer, Ed Davis, Jeremy Lin, Kobe Bryant, Ronnie Price",15,71,59,76,66,1814,1905,5,7,-2,91
"21400003","HOU","Donatas Motiejunas, James Harden, Patrick Beverley, Terrence Jones, Trevor Ariza",16,48,65,57,66,1507,1695,9,1,8,188
"21400003","LAL","Ed Davis, Jeremy Lin, Julius Randle, Kobe Bryant, Ronnie Price",16,76,66,78,66,1905,1952,2,0,2,47
"21400003","HOU","James Harden, Patrick Beverley, Tarik Black, Terrence Jones, Trevor Ariza",17,57,66,59,66,1695,1773,2,0,2,78
"21400003","LAL","Ed Davis, Jeremy Lin, Julius Randle, Ronnie Price, Xavier Henry",17,78,66,85,69,1952,2160,7,3,4,208
"21400003","HOU","James Harden, Jason Terry, Tarik Black, Terrence Jones, Trevor Ariza",18,59,66,66,76,1773,1905,7,10,-3,132
"21400003","LAL","Ed Davis, Jordan Clarkson, Julius Randle, Ronnie Price, Xavier Henry",18,85,69,91,70,2160,2287,6,1,5,127
"21400003","HOU","James Harden, Jason Terry, Kostas Papanikolaou, Tarik Black, Trevor Ariza",19,66,76,67,78,1905,1986,1,2,-1,81
"21400003","LAL","Carlos Boozer, Ed Davis, Julius Randle, Ronnie Price, Xavier Henry",19,91,70,91,70,2287,2287,0,0,0,0
"21400003","HOU","James Harden, Jason Terry, Kostas Papanikolaou, Patrick Beverley, Tarik Black",20,67,78,69,85,1986,2160,2,7,-5,174
"21400003","LAL","Carlos Boozer, Ed Davis, Jeremy Lin, Julius Randle, Ronnie Price",20,91,70,91,70,2287,2287,0,0,0,0
"21400003","HOU","Dwight Howard, Jason Terry, Kostas Papanikolaou, Patrick Beverley, Terrence Jones",21,69,85,70,91,2160,2287,1,6,-5,127
"21400003","LAL","Carlos Boozer, Ed Davis, Jeremy Lin, Kobe Bryant, Ronnie Price",21,91,70,95,70,2287,2357,4,0,4,70
"21400003","HOU","Dwight Howard, Jason Terry, Patrick Beverley, Terrence Jones, Trevor Ariza",22,70,91,70,95,2287,2357,0,4,-4,70
"21400003","LAL","Carlos Boozer, Ed Davis, Jeremy Lin, Kobe Bryant, Wesley Johnson",22,95,70,101,75,2357,2453,6,5,1,96
"21400003","HOU","Dwight Howard, Patrick Beverley, Terrence Jones, Trevor Ariza, Troy Daniels",23,70,95,75,101,2357,2453,5,6,-1,96
"21400003","LAL","Ed Davis, Jeremy Lin, Kobe Bryant, Robert Sacre, Wesley Johnson",23,101,75,101,75,2453,2453,0,0,0,0
"21400003","HOU","Patrick Beverley, Tarik Black, Terrence Jones, Trevor Ariza, Troy Daniels",24,75,101,75,101,2453,2453,0,0,0,0
"21400003","LAL","Ed Davis, Jeremy Lin, Jordan Clarkson, Robert Sacre, Wesley Johnson",24,101,75,101,75,2453,2453,0,0,0,0
"21400003","HOU","Donatas Motiejunas, Patrick Beverley, Tarik Black, Trevor Ariza, Troy Daniels",25,75,101,75,101,2453,2453,0,0,0,0
"21400003","LAL","Jeremy Lin, Jordan Clarkson, Julius Randle, Robert Sacre, Wesley Johnson",25,101,75,102,75,2453,2474,1,0,1,21
"21400003","HOU","Donatas Motiejunas, Isaiah Canaan, Patrick Beverley, Tarik Black, Troy Daniels",26,75,101,75,101,2453,2453,0,0,0,0
"21400003","LAL","Jeremy Lin, Jordan Clarkson, Julius Randle, Robert Sacre, Xavier Henry",26,102,75,102,75,2474,2474,0,0,0,0
"21400003","HOU","Donatas Motiejunas, Isaiah Canaan, Kostas Papanikolaou, Tarik Black, Troy Daniels",27,75,101,90,108,2453,2880,15,7,8,427
"21400003","LAL","Jordan Clarkson, Julius Randle, Robert Sacre, Ronnie Price, Xavier Henry",27,102,75,102,75,2474,2474,0,0,0,0
"21400003","LAL","Ed Davis, Jordan Clarkson, Robert Sacre, Ronnie Price, Xavier Henry",28,102,75,106,83,2474,2719,4,8,-4,245
"21400003","LAL","Jordan Clarkson, Robert Sacre, Ronnie Price, Wesley Johnson, Xavier Henry",29,106,83,108,90,2719,2880,2,7,-5,161
"21400004","CHA","Al Jefferson, Kemba Walker, Lance Stephenson, Marvin Williams, Michael Kidd-Gilchrist",0,0,0,16,17,0,432,16,17,-1,432
"21400004","MIL","Brandon Knight, Jabari Parker, Jared Dudley, Khris Middleton, Larry Sanders",0,0,0,10,9,0,256,10,9,1,256
"21400004","CHA","Al Jefferson, Cody Zeller, Kemba Walker, Lance Stephenson, Michael Kidd-Gilchrist",1,16,17,18,17,432,443,2,0,2,11
"21400004","MIL","Brandon Knight, Jabari Parker, Jared Dudley, Khris Middleton, Zaza Pachulia",1,10,9,17,16,256,432,7,7,0,176
"21400004","CHA","Al Jefferson, Cody Zeller, Gerald Henderson, Kemba Walker, Lance Stephenson",2,18,17,20,20,443,499,2,3,-1,56
"21400004","MIL","Brandon Knight, Giannis Antetokounmpo, Jabari Parker, Khris Middleton, Zaza Pachulia",2,17,16,20,20,432,499,3,4,-1,67
"21400004","CHA","Al Jefferson, Cody Zeller, Gary Neal, Gerald Henderson, Kemba Walker",3,20,20,20,20,499,614,0,0,0,115
"21400004","MIL","Brandon Knight, Giannis Antetokounmpo, Jabari Parker, O.J. Mayo, Zaza Pachulia",3,20,20,24,20,499,672,4,0,4,173
"21400004","CHA","Cody Zeller, Gary Neal, Gerald Henderson, Jason Maxiell, Kemba Walker",4,20,20,24,25,614,720,4,5,-1,106
"21400004","MIL","Brandon Knight, Ersan Ilyasova, Giannis Antetokounmpo, O.J. Mayo, Zaza Pachulia",4,24,20,25,22,672,691,1,2,-1,19
"21400004","CHA","Brian Roberts, Cody Zeller, Gary Neal, Gerald Henderson, Jason Maxiell",5,24,25,39,31,720,940,15,6,9,220
"21400004","MIL","Brandon Knight, Ersan Ilyasova, Giannis Antetokounmpo, John Henson, O.J. Mayo",5,25,22,25,24,691,720,0,2,-2,29
"21400004","CHA","Brian Roberts, Cody Zeller, Gary Neal, Jason Maxiell, Lance Stephenson",6,39,31,39,31,940,1014,0,0,0,74
"21400004","MIL","Ersan Ilyasova, Giannis Antetokounmpo, Jerryd Bayless, John Henson, O.J. Mayo",6,25,24,31,39,720,958,6,15,-9,238
"21400004","CHA","Brian Roberts, Gary Neal, Jason Maxiell, Lance Stephenson, Marvin Williams",7,39,31,39,31,1014,1014,0,0,0,0
"21400004","MIL","Giannis Antetokounmpo, Jerryd Bayless, John Henson, Khris Middleton, O.J. Mayo",7,31,39,35,45,958,1102,4,6,-2,144
"21400004","CHA","Al Jefferson, Brian Roberts, Gary Neal, Lance Stephenson, Marvin Williams",8,39,31,44,31,1014,1051,5,0,5,37
"21400004","MIL","Giannis Antetokounmpo, Jerryd Bayless, Khris Middleton, Larry Sanders, O.J. Mayo",8,35,45,35,48,1102,1202,0,3,-3,100
"21400004","CHA","Al Jefferson, Brian Roberts, Lance Stephenson, Marvin Williams, Michael Kidd-Gilchrist",9,44,31,48,35,1051,1202,4,4,0,151
"21400004","MIL","Jared Dudley, Jerryd Bayless, Khris Middleton, Larry Sanders, O.J. Mayo",9,35,48,35,48,1202,1202,0,0,0,0
"21400004","CHA","Al Jefferson, Kemba Walker, Lance Stephenson, Marvin Williams, Michael Kidd-Gilchrist",10,48,35,55,46,1202,1415,7,11,-4,213
"21400004","MIL","Brandon Knight, Jared Dudley, Khris Middleton, Larry Sanders, O.J. Mayo",10,35,48,35,48,1202,1218,0,0,0,16
"21400004","CHA","Al Jefferson, Gary Neal, Kemba Walker, Marvin Williams, Michael Kidd-Gilchrist",11,55,46,55,46,1415,1415,0,0,0,0
"21400004","MIL","Brandon Knight, Jabari Parker, Jared Dudley, Khris Middleton, Larry Sanders",11,35,48,46,55,1218,1415,11,7,4,197
"21400004","CHA","Al Jefferson, Gary Neal, Gerald Henderson, Kemba Walker, Marvin Williams",12,55,46,57,46,1415,1440,2,0,2,25
"21400004","MIL","Brandon Knight, Ersan Ilyasova, Jabari Parker, Jared Dudley, Khris Middleton",12,46,55,46,57,1415,1433,0,2,-2,18
"21400004","CHA","Al Jefferson, Kemba Walker, Lance Stephenson, Marvin Williams, Michael Kidd-Gilchrist",13,57,46,76,55,1440,1858,19,9,10,418
"21400004","MIL","Brandon Knight, Jabari Parker, Jared Dudley, Khris Middleton, Zaza Pachulia",13,46,57,46,57,1433,1440,0,0,0,7
"21400004","CHA","Al Jefferson, Cody Zeller, Kemba Walker, Lance Stephenson, Michael Kidd-Gilchrist",14,76,55,76,61,1858,1965,0,6,-6,107
"21400004","MIL","Brandon Knight, Jabari Parker, Jared Dudley, Khris Middleton, Larry Sanders",14,46,57,55,76,1440,1858,9,19,-10,418
"21400004","CHA","Al Jefferson, Cody Zeller, Gary Neal, Kemba Walker, Lance Stephenson",15,76,61,81,65,1965,2067,5,4,1,102
"21400004","MIL","Brandon Knight, Giannis Antetokounmpo, Jabari Parker, Khris Middleton, Larry Sanders",15,55,76,61,76,1858,1965,6,0,6,107
"21400004","CHA","Cody Zeller, Gary Neal, Jason Maxiell, Kemba Walker, Lance Stephenson",16,81,65,83,68,2067,2160,2,3,-1,93
"21400004","MIL","Brandon Knight, Giannis Antetokounmpo, Jabari Parker, Larry Sanders, O.J. Mayo",16,61,76,61,76,1965,1965,0,0,0,0
"21400004","CHA","Brian Roberts, Cody Zeller, Gary Neal, Jason Maxiell, Lance Stephenson",17,83,68,85,76,2160,2316,2,8,-6,156
"21400004","MIL","Brandon Knight, Giannis Antetokounmpo, Larry Sanders, O.J. Mayo, Zaza Pachulia",17,61,76,61,76,1965,1965,0,0,0,0
"21400004","CHA","Brian Roberts, Cody Zeller, Gary Neal, Jason Maxiell, Michael Kidd-Gilchrist",18,85,76,89,78,2316,2418,4,2,2,102
"21400004","MIL","Brandon Knight, Ersan Ilyasova, Giannis Antetokounmpo, O.J. Mayo, Zaza Pachulia",18,61,76,68,83,1965,2157,7,7,0,192
"21400004","CHA","Al Jefferson, Brian Roberts, Cody Zeller, Gary Neal, Michael Kidd-Gilchrist",19,89,78,93,80,2418,2465,4,2,2,47
"21400004","MIL","Ersan Ilyasova, Giannis Antetokounmpo, Jerryd Bayless, O.J. Mayo, Zaza Pachulia",19,68,83,76,87,2157,2366,8,4,4,209
"21400004","CHA","Al Jefferson, Brian Roberts, Gary Neal, Marvin Williams, Michael Kidd-Gilchrist",20,93,80,93,82,2465,2519,0,2,-2,54
"21400004","MIL","Ersan Ilyasova, Giannis Antetokounmpo, Jerryd Bayless, John Henson, O.J. Mayo",20,76,87,76,87,2366,2366,0,0,0,0
"21400004","CHA","Al Jefferson, Gary Neal, Kemba Walker, Marvin Williams, Michael Kidd-Gilchrist",21,93,82,93,82,2519,2519,0,0,0,0
"21400004","MIL","Giannis Antetokounmpo, Jabari Parker, Jerryd Bayless, John Henson, O.J. Mayo",21,76,87,82,93,2366,2528,6,6,0,162
"21400004","CHA","Al Jefferson, Kemba Walker, Lance Stephenson, Marvin Williams, Michael Kidd-Gilchrist",22,93,82,95,87,2519,2668,2,5,-3,149
"21400004","MIL","Brandon Knight, Jabari Parker, Jerryd Bayless, John Henson, O.J. Mayo",22,82,93,82,93,2528,2528,0,0,0,0
"21400004","CHA","Al Jefferson, Gary Neal, Kemba Walker, Lance Stephenson, Marvin Williams",23,95,87,97,94,2668,2828,2,7,-5,160
"21400004","MIL","Brandon Knight, Jabari Parker, John Henson, Khris Middleton, O.J. Mayo",23,82,93,88,95,2528,2698,6,2,4,170
"21400004","CHA","Al Jefferson, Gary Neal, Kemba Walker, Marvin Williams, Michael Kidd-Gilchrist",24,97,94,97,95,2828,2860,0,1,-1,32
"21400004","MIL","Brandon Knight, Jabari Parker, John Henson, Khris Middleton, Larry Sanders",24,88,95,88,95,2698,2698,0,0,0,0
"21400004","CHA","Al Jefferson, Kemba Walker, Lance Stephenson, Marvin Williams, Michael Kidd-Gilchrist",25,97,95,99,95,2860,2865,2,0,2,5
"21400004","MIL","Brandon Knight, Jabari Parker, Jared Dudley, Khris Middleton, Larry Sanders",25,88,95,95,97,2698,2860,7,2,5,162
"21400004","CHA","Al Jefferson, Gary Neal, Kemba Walker, Lance Stephenson, Marvin Williams",26,99,95,100,100,2865,2879,1,5,-4,14
"21400004","MIL","Brandon Knight, Jared Dudley, Khris Middleton, Larry Sanders, Zaza Pachulia",26,95,97,100,100,2860,2879,5,3,2,19
"21400004","CHA","Al Jefferson, Gary Neal, Kemba Walker, Marvin Williams, Michael Kidd-Gilchrist",27,100,100,100,100,2879,2879,0,0,0,0
"21400004","MIL","Brandon Knight, Jabari Parker, Jared Dudley, Larry Sanders, Zaza Pachulia",27,100,100,100,100,2879,2879,0,0,0,0
"21400004","CHA","Al Jefferson, Gerald Henderson, Kemba Walker, Marvin Williams, Michael Kidd-Gilchrist",28,100,100,100,100,2879,2880,0,0,0,1
"21400004","MIL","Brandon Knight, Jabari Parker, Jared Dudley, O.J. Mayo, Zaza Pachulia",28,100,100,100,100,2879,2880,0,0,0,1
"21400004","CHA","Al Jefferson, Kemba Walker, Lance Stephenson, Marvin Williams, Michael Kidd-Gilchrist",29,100,100,106,104,2880,3098,6,4,2,218
"21400004","MIL","Brandon Knight, Jabari Parker, Khris Middleton, Larry Sanders",29,100,100,108,106,2880,3175,8,6,2,295
"21400004","CHA","Al Jefferson, Gary Neal, Kemba Walker, Marvin Williams, Michael Kidd-Gilchrist",30,106,104,106,108,3098,3175,0,4,-4,77
"21400004","MIL","Brandon Knight, Jabari Parker, Khris Middleton, Zaza Pachulia",30,108,106,108,106,3175,3180,0,0,0,5
"21400004","CHA","Al Jefferson, Gerald Henderson, Kemba Walker, Marvin Williams, Michael Kidd-Gilchrist",31,106,108,106,108,3175,3180,0,0,0,5
"21400005","IND","CJ Miles, Donald Sloan, Luis Scola, Roy Hibbert, Solomon Hill",0,0,0,18,11,0,450,18,11,7,450
"21400005","PHI","Chris Johnson, Henry Sims, Hollis Thompson, Nerlens Noel, Tony Wroten",0,0,0,5,8,0,241,5,8,-3,241
"21400005","IND","Chris Copeland, CJ Miles, Donald Sloan, Luis Scola, Roy Hibbert",1,18,11,22,14,450,539,4,3,1,89
"21400005","PHI","Brandon Davies, Chris Johnson, Hollis Thompson, Nerlens Noel, Tony Wroten",1,5,8,11,18,241,450,6,10,-4,209
"21400005","IND","Chris Copeland, CJ Miles, Donald Sloan, Lavoy Allen, Roy Hibbert",2,22,14,24,16,539,598,2,2,0,59
"21400005","PHI","Brandon Davies, Hollis Thompson, KJ McDaniels, Nerlens Noel, Tony Wroten",2,11,18,11,18,450,450,0,0,0,0
"21400005","IND","Chris Copeland, CJ Miles, Lavoy Allen, Rodney Stuckey, Roy Hibbert",3,24,16,24,26,598,720,0,10,-10,122
"21400005","PHI","Brandon Davies, Hollis Thompson, JaKarr Sampson, KJ McDaniels, Tony Wroten",3,11,18,11,18,450,450,0,0,0,0
"21400005","IND","Chris Copeland, Damjan Rudez, Ian Mahinmi, Lavoy Allen, Rodney Stuckey",4,24,26,30,36,720,933,6,10,-4,213
"21400005","PHI","Brandon Davies, JaKarr Sampson, KJ McDaniels, Malcolm Thomas, Tony Wroten",4,11,18,14,22,450,539,3,4,-1,89
"21400005","IND","Chris Copeland, Damjan Rudez, Ian Mahinmi, Luis Scola, Rodney Stuckey",5,30,36,32,38,933,984,2,2,0,51
"21400005","PHI","Alexey Shved, Brandon Davies, JaKarr Sampson, KJ McDaniels, Malcolm Thomas",5,14,22,18,24,539,616,4,2,2,77
"21400005","IND","Chris Copeland, Damjan Rudez, Donald Sloan, Ian Mahinmi, Luis Scola",6,32,38,40,40,984,1142,8,2,6,158
"21400005","PHI","Alexey Shved, Henry Sims, JaKarr Sampson, KJ McDaniels, Malcolm Thomas",6,18,24,33,28,616,852,15,4,11,236
"21400005","IND","Chris Copeland, Damjan Rudez, Donald Sloan, Luis Scola, Roy Hibbert",7,40,40,40,40,1142,1142,0,0,0,0
"21400005","PHI","Alexey Shved, Henry Sims, JaKarr Sampson, KJ McDaniels, Nerlens Noel",7,33,28,33,28,852,852,0,0,0,0
"21400005","IND","Damjan Rudez, Donald Sloan, Luis Scola, Roy Hibbert, Solomon Hill",8,40,40,42,40,1142,1177,2,0,2,35
"21400005","PHI","Alexey Shved, Henry Sims, Hollis Thompson, JaKarr Sampson, Nerlens Noel",8,33,28,36,30,852,925,3,2,1,73
"21400005","IND","CJ Miles, Donald Sloan, Luis Scola, Roy Hibbert, Solomon Hill",9,42,40,49,48,1177,1394,7,8,-1,217
"21400005","PHI","Alexey Shved, Henry Sims, Hollis Thompson, Nerlens Noel, Tony Wroten",9,36,30,36,30,925,925,0,0,0,0
"21400005","IND","CJ Miles, Luis Scola, Rodney Stuckey, Roy Hibbert, Solomon Hill",10,49,48,49,48,1394,1394,0,0,0,0
"21400005","PHI","Chris Johnson, Henry Sims, Hollis Thompson, Nerlens Noel, Tony Wroten",10,36,30,38,30,925,946,2,0,2,21
"21400005","IND","Chris Copeland, CJ Miles, Rodney Stuckey, Roy Hibbert, Solomon Hill",11,49,48,51,48,1394,1435,2,0,2,41
"21400005","PHI","Chris Johnson, Hollis Thompson, Malcolm Thomas, Nerlens Noel, Tony Wroten",11,38,30,40,40,946,1142,2,10,-8,196
"21400005","IND","CJ Miles, Ian Mahinmi, Rodney Stuckey, Roy Hibbert, Solomon Hill",12,51,48,51,48,1435,1440,0,0,0,5
"21400005","PHI","Brandon Davies, Chris Johnson, Hollis Thompson, Nerlens Noel, Tony Wroten",12,40,40,40,42,1142,1177,0,2,-2,35
"21400005","IND","CJ Miles, Donald Sloan, Luis Scola, Roy Hibbert, Solomon Hill",13,51,48,59,56,1440,1743,8,8,0,303
"21400005","PHI","Brandon Davies, Chris Johnson, KJ McDaniels, Nerlens Noel, Tony Wroten",13,40,42,44,48,1177,1312,4,6,-2,135
"21400005","IND","CJ Miles, Donald Sloan, Lavoy Allen, Roy Hibbert, Solomon Hill",14,59,56,61,62,1743,1866,2,6,-4,123
"21400005","PHI","Chris Johnson, KJ McDaniels, Malcolm Thomas, Nerlens Noel, Tony Wroten",14,44,48,48,48,1312,1378,4,0,4,66
"21400005","IND","Chris Copeland, CJ Miles, Donald Sloan, Lavoy Allen, Roy Hibbert",15,61,62,67,76,1866,2071,6,14,-8,205
"21400005","PHI","Alexey Shved, Chris Johnson, KJ McDaniels, Nerlens Noel, Tony Wroten",15,48,48,48,51,1378,1440,0,3,-3,62
"21400005","IND","Chris Copeland, CJ Miles, Donald Sloan, Ian Mahinmi, Lavoy Allen",16,67,76,73,78,2071,2160,6,2,4,89
"21400005","PHI","Chris Johnson, Henry Sims, Hollis Thompson, Nerlens Noel, Tony Wroten",16,48,51,54,53,1440,1643,6,2,4,203
"21400005","IND","Chris Copeland, Damjan Rudez, Ian Mahinmi, Lavoy Allen, Rodney Stuckey",17,73,78,85,91,2160,2556,12,13,-1,396
"21400005","PHI","Chris Johnson, Henry Sims, KJ McDaniels, Nerlens Noel, Tony Wroten",17,54,53,58,59,1643,1776,4,6,-2,133
"21400005","IND","Chris Copeland, Damjan Rudez, Ian Mahinmi, Luis Scola, Rodney Stuckey",18,85,91,85,91,2556,2556,0,0,0,0
"21400005","PHI","Alexey Shved, Chris Johnson, Henry Sims, KJ McDaniels, Nerlens Noel",18,58,59,60,59,1776,1849,2,0,2,73
"21400005","IND","Chris Copeland, Damjan Rudez, Donald Sloan, Ian Mahinmi, Luis Scola",19,85,91,87,92,2556,2592,2,1,1,36
"21400005","PHI","Alexey Shved, Chris Johnson, KJ McDaniels, Malcolm Thomas, Nerlens Noel",19,60,59,60,59,1849,1849,0,0,0,0
"21400005","IND","Chris Copeland, Damjan Rudez, Donald Sloan, Luis Scola, Roy Hibbert",20,87,92,87,92,2592,2592,0,0,0,0
"21400005","PHI","Alexey Shved, Brandon Davies, Chris Johnson, KJ McDaniels, Malcolm Thomas",20,60,59,68,61,1849,1942,8,2,6,93
"21400005","IND","Chris Copeland, CJ Miles, Donald Sloan, Luis Scola, Roy Hibbert",21,87,92,89,99,2592,2704,2,7,-5,112
"21400005","PHI","Alexey Shved, Brandon Davies, Hollis Thompson, KJ McDaniels, Malcolm Thomas",21,68,61,78,73,1942,2160,10,12,-2,218
"21400005","IND","CJ Miles, Donald Sloan, Luis Scola, Roy Hibbert, Solomon Hill",22,89,99,89,99,2704,2737,0,0,0,33
"21400005","PHI","Chris Johnson, Henry Sims, Hollis Thompson, Nerlens Noel, Tony Wroten",22,78,73,86,73,2160,2276,8,0,8,116
"21400005","IND","CJ Miles, Donald Sloan, Rodney Stuckey, Roy Hibbert, Solomon Hill",23,89,99,91,103,2737,2880,2,4,-2,143
"21400005","PHI","Alexey Shved, Chris Johnson, Henry Sims, Nerlens Noel, Tony Wroten",23,86,73,91,83,2276,2482,5,10,-5,206
"21400005","PHI","Alexey Shved, Henry Sims, Hollis Thompson, Nerlens Noel, Tony Wroten",24,91,83,91,83,2482,2482,0,0,0,0
"21400005","PHI","Alexey Shved, Brandon Davies, Henry Sims, Hollis Thompson, Tony Wroten",25,91,83,91,85,2482,2556,0,2,-2,74
"21400005","PHI","Alexey Shved, Brandon Davies, Hollis Thompson, Nerlens Noel, Tony Wroten",26,91,85,99,89,2556,2704,8,4,4,148
"21400005","PHI","Alexey Shved, Henry Sims, Hollis Thompson, Nerlens Noel, Tony Wroten",27,99,89,99,89,2704,2737,0,0,0,33
"21400005","PHI","Alexey Shved, Chris Johnson, Hollis Thompson, Nerlens Noel, Tony Wroten",28,99,89,103,91,2737,2880,4,2,2,143
"21400006","BKN","Bojan Bogdanovic, Deron Williams, Joe Johnson, Kevin Garnett, Mason Plumlee",0,0,0,19,12,0,355,19,12,7,355
"21400006","BOS","Avery Bradley, Jared Sullinger, Jeff Green, Kelly Olynyk, Rajon Rondo",0,0,0,10,17,0,337,10,17,-7,337
"21400006","BKN","Andrei Kirilenko, Bojan Bogdanovic, Deron Williams, Joe Johnson, Mason Plumlee",1,19,12,19,12,355,355,0,0,0,0
"21400006","BOS","Avery Bradley, Jared Sullinger, Jeff Green, Kelly Olynyk, Marcus Smart",1,10,17,10,17,337,337,0,0,0,0
"21400006","BKN","Andrei Kirilenko, Bojan Bogdanovic, Deron Williams, Joe Johnson, Mirza Teletovic",2,19,12,26,17,355,525,7,5,2,170
"21400006","BOS","Evan Turner, Jared Sullinger, Jeff Green, Kelly Olynyk, Marcus Smart",2,10,17,13,21,337,401,3,4,-1,64
"21400006","BKN","Alan Anderson, Andrei Kirilenko, Deron Williams, Joe Johnson, Mirza Teletovic",3,26,17,26,17,525,525,0,0,0,0
"21400006","BOS","Evan Turner, Jared Sullinger, Kelly Olynyk, Marcus Smart, Marcus Thornton",3,13,21,13,21,401,401,0,0,0,0
"21400006","BKN","Alan Anderson, Andrei Kirilenko, Jarrett Jack, Joe Johnson, Mirza Teletovic",4,26,17,32,23,525,700,6,6,0,175
"21400006","BOS","Brandon Bass, Evan Turner, Kelly Olynyk, Marcus Smart, Marcus Thornton",4,13,21,17,24,401,498,4,3,1,97
"21400006","BKN","Alan Anderson, Jarrett Jack, Jerome Jordan, Joe Johnson, Mirza Teletovic",5,32,23,32,23,700,720,0,0,0,20
"21400006","BOS","Brandon Bass, Evan Turner, Jared Sullinger, Marcus Smart, Marcus Thornton",5,17,24,19,28,498,575,2,4,-2,77
"21400006","BKN","Alan Anderson, Deron Williams, Jarrett Jack, Kevin Garnett, Mirza Teletovic",6,32,23,44,33,720,1004,12,10,2,284
"21400006","BOS","Brandon Bass, Evan Turner, Jared Sullinger, Marcus Thornton, Rajon Rondo",6,19,28,23,32,575,700,4,4,0,125
"21400006","BKN","Alan Anderson, Deron Williams, Jarrett Jack, Joe Johnson, Kevin Garnett",7,44,33,46,33,1004,1062,2,0,2,58
"21400006","BOS","Brandon Bass, Evan Turner, Marcus Thornton, Rajon Rondo, Tyler Zeller",7,23,32,23,32,700,700,0,0,0,0
"21400006","BKN","Bojan Bogdanovic, Deron Williams, Jarrett Jack, Joe Johnson, Kevin Garnett",8,46,33,52,40,1062,1210,6,7,-1,148
"21400006","BOS","Avery Bradley, Brandon Bass, Evan Turner, Rajon Rondo, Tyler Zeller",8,23,32,23,32,700,720,0,0,0,20
"21400006","BKN","Bojan Bogdanovic, Deron Williams, Jarrett Jack, Joe Johnson, Mason Plumlee",9,52,40,52,40,1210,1210,0,0,0,0
"21400006","BOS","Avery Bradley, Brandon Bass, Jeff Green, Rajon Rondo, Tyler Zeller",9,23,32,26,36,720,830,3,4,-1,110
"21400006","BKN","Alan Anderson, Deron Williams, Jarrett Jack, Joe Johnson, Mason Plumlee",10,52,40,57,41,1210,1314,5,1,4,104
"21400006","BOS","Avery Bradley, Jeff Green, Marcus Smart, Rajon Rondo, Tyler Zeller",10,26,36,33,46,830,1062,7,10,-3,232
"21400006","BKN","Alan Anderson, Deron Williams, Jarrett Jack, Jerome Jordan, Joe Johnson",11,57,41,67,41,1314,1440,10,0,10,126
"21400006","BOS","Avery Bradley, Marcus Smart, Marcus Thornton, Rajon Rondo, Tyler Zeller",11,33,46,33,46,1062,1062,0,0,0,0
"21400006","BKN","Bojan Bogdanovic, Deron Williams, Joe Johnson, Kevin Garnett, Mason Plumlee",12,67,41,75,54,1440,1670,8,13,-5,230
"21400006","BOS","Evan Turner, Marcus Smart, Marcus Thornton, Rajon Rondo, Tyler Zeller",12,33,46,33,46,1062,1062,0,0,0,0
"21400006","BKN","Bojan Bogdanovic, Deron Williams, Jerome Jordan, Joe Johnson, Kevin Garnett",13,75,54,84,60,1670,1834,9,6,3,164
"21400006","BOS","Evan Turner, Jared Sullinger, Marcus Smart, Marcus Thornton, Tyler Zeller",13,33,46,33,46,1062,1062,0,0,0,0
"21400006","BKN","Bojan Bogdanovic, Deron Williams, Jerome Jordan, Joe Johnson, Mirza Teletovic",14,84,60,86,63,1834,1904,2,3,-1,70
"21400006","BOS","Evan Turner, Jared Sullinger, Kelly Olynyk, Marcus Smart, Marcus Thornton",14,33,46,34,46,1062,1088,1,0,1,26
"21400006","BKN","Andrei Kirilenko, Bojan Bogdanovic, Deron Williams, Joe Johnson, Mirza Teletovic",15,86,63,91,65,1904,1990,5,2,3,86
"21400006","BOS","Evan Turner, Jared Sullinger, Jeff Green, Marcus Smart, Marcus Thornton",15,34,46,40,55,1088,1263,6,9,-3,175
"21400006","BKN","Andrei Kirilenko, Bojan Bogdanovic, Jarrett Jack, Joe Johnson, Mirza Teletovic",16,91,65,101,72,1990,2160,10,7,3,170
"21400006","BOS","Evan Turner, Jared Sullinger, Marcus Smart, Marcus Thornton, Rajon Rondo",16,40,55,41,62,1263,1402,1,7,-6,139
"21400006","BKN","Alan Anderson, Cory Jefferson, Deron Williams, Jarrett Jack, Mirza Teletovic",17,101,72,110,94,2160,2517,9,22,-13,357
"21400006","BOS","Brandon Bass, Evan Turner, Jared Sullinger, Marcus Smart, Rajon Rondo",17,41,62,41,67,1402,1440,0,5,-5,38
"21400006","BKN","Alan Anderson, Deron Williams, Jarrett Jack, Joe Johnson, Mirza Teletovic",18,110,94,110,94,2517,2586,0,0,0,69
"21400006","BOS","Avery Bradley, Jared Sullinger, Jeff Green, Kelly Olynyk, Rajon Rondo",18,41,67,60,84,1440,1834,19,17,2,394
"21400006","BKN","Alan Anderson, Deron Williams, Jarrett Jack, Joe Johnson, Kevin Garnett",19,110,94,117,98,2586,2708,7,4,3,122
"21400006","BOS","Jared Sullinger, Jeff Green, Kelly Olynyk, Marcus Smart, Rajon Rondo",19,60,84,63,86,1834,1904,3,2,1,70
"21400006","BKN","Alan Anderson, Deron Williams, Jarrett Jack, Kevin Garnett, Sergey Karasev",20,117,98,117,98,2708,2708,0,0,0,0
"21400006","BOS","Brandon Bass, Jeff Green, Kelly Olynyk, Marcus Smart, Rajon Rondo",20,63,86,63,86,1904,1904,0,0,0,0
"21400006","BKN","Alan Anderson, Bojan Bogdanovic, Deron Williams, Jarrett Jack, Sergey Karasev",21,117,98,117,98,2708,2708,0,0,0,0
"21400006","BOS","Brandon Bass, Evan Turner, Jeff Green, Kelly Olynyk, Marcus Smart",21,63,86,70,99,1904,2108,7,13,-6,204
"21400006","BKN","Alan Anderson, Bojan Bogdanovic, Cory Jefferson, Jarrett Jack, Sergey Karasev",22,117,98,121,105,2708,2880,4,7,-3,172
"21400006","BOS","Brandon Bass, Evan Turner, Kelly Olynyk, Marcus Smart, Marcus Thornton",22,70,99,72,101,2108,2160,2,2,0,52
"21400006","BOS","Avery Bradley, Brandon Bass, Evan Turner, Jared Sullinger, Marcus Thornton",23,72,101,81,103,2160,2279,9,2,7,119
"21400006","BOS","Avery Bradley, Brandon Bass, Jared Sullinger, Marcus Thornton, Rajon Rondo",24,81,103,84,103,2279,2328,3,0,3,49
"21400006","BOS","Avery Bradley, Brandon Bass, Jared Sullinger, Jeff Green, Rajon Rondo",25,84,103,84,103,2328,2385,0,0,0,57
"21400006","BOS","Avery Bradley, Jared Sullinger, Jeff Green, Marcus Smart, Rajon Rondo",26,84,103,86,106,2385,2412,2,3,-1,27
"21400006","BOS","Avery Bradley, Jeff Green, Kelly Olynyk, Marcus Smart, Rajon Rondo",27,86,106,94,110,2412,2599,8,4,4,187
"21400006","BOS","Avery Bradley, Evan Turner, Jeff Green, Kelly Olynyk, Marcus Smart",28,94,110,105,121,2599,2880,11,11,0,281
"21400007","MIA","Chris Bosh, Dwyane Wade, Luol Deng, Norris Cole, Shawne Williams",0,0,0,9,11,0,324,9,11,-2,324
"21400007","WAS","Drew Gooden, Garrett Temple, John Wall, Marcin Gortat, Paul Pierce",0,0,0,17,17,0,491,17,17,0,491
"21400007","MIA","Chris Andersen, Dwyane Wade, Luol Deng, Norris Cole, Shawne Williams",1,9,11,17,15,324,464,8,4,4,140
"21400007","WAS","Drew Gooden, Garrett Temple, John Wall, Kris Humphries, Marcin Gortat",1,17,17,17,17,491,491,0,0,0,0
"21400007","MIA","Chris Andersen, Luol Deng, Mario Chalmers, Norris Cole, Shawne Williams",2,17,15,17,17,464,491,0,2,-2,27
"21400007","WAS","Garrett Temple, John Wall, Kris Humphries, Marcin Gortat, Otto Porter Jr.",2,17,17,26,22,491,676,9,5,4,185
"21400007","MIA","Chris Andersen, Chris Bosh, Luol Deng, Mario Chalmers, Norris Cole",3,17,17,17,17,491,509,0,0,0,18
"21400007","WAS","John Wall, Kris Humphries, Marcin Gortat, Otto Porter Jr., Rasual Butler",3,26,22,26,22,676,676,0,0,0,0
"21400007","MIA","Chris Andersen, Chris Bosh, James Ennis III, Mario Chalmers, Norris Cole",4,17,17,22,26,509,676,5,9,-4,167
"21400007","WAS","Andre Miller, Kris Humphries, Marcin Gortat, Otto Porter Jr., Rasual Butler",4,26,22,28,22,676,720,2,0,2,44
"21400007","MIA","Chris Andersen, Chris Bosh, James Ennis III, Mario Chalmers, Shabazz Napier",5,22,26,28,30,676,881,6,4,2,205
"21400007","WAS","Andre Miller, Kevin Seraphin, Kris Humphries, Otto Porter Jr., Rasual Butler",5,28,22,30,32,720,928,2,10,-8,208
"21400007","MIA","Chris Bosh, James Ennis III, Mario Chalmers, Shabazz Napier, Shawne Williams",6,28,30,32,30,881,928,4,0,4,47
"21400007","WAS","Andre Miller, Drew Gooden, Kevin Seraphin, Otto Porter Jr., Rasual Butler",6,30,32,30,32,928,928,0,0,0,0
"21400007","MIA","Chris Bosh, Dwyane Wade, Mario Chalmers, Shabazz Napier, Shawne Williams",7,32,30,39,37,928,1110,7,7,0,182
"21400007","WAS","Andre Miller, Drew Gooden, Kevin Seraphin, Otto Porter Jr., Paul Pierce",7,30,32,30,32,928,928,0,0,0,0
"21400007","MIA","Chris Andersen, Dwyane Wade, Mario Chalmers, Shabazz Napier, Shawne Williams",8,39,37,39,37,1110,1110,0,0,0,0
"21400007","WAS","Andre Miller, Drew Gooden, Marcin Gortat, Otto Porter Jr., Paul Pierce",8,30,32,37,39,928,1110,7,7,0,182
"21400007","MIA","Chris Andersen, Dwyane Wade, Luol Deng, Mario Chalmers, Shawne Williams",9,39,37,41,43,1110,1250,2,6,-4,140
"21400007","WAS","Drew Gooden, John Wall, Marcin Gortat, Otto Porter Jr., Paul Pierce",9,37,39,37,41,1110,1161,0,2,-2,51
"21400007","MIA","Chris Andersen, Chris Bosh, Dwyane Wade, Luol Deng, Mario Chalmers",10,41,43,41,43,1250,1250,0,0,0,0
"21400007","WAS","Drew Gooden, Garrett Temple, John Wall, Marcin Gortat, Paul Pierce",10,37,41,68,68,1161,1985,31,27,4,824
"21400007","MIA","Chris Andersen, Chris Bosh, Dwyane Wade, Luol Deng, Norris Cole",11,41,43,53,52,1250,1440,12,9,3,190
"21400007","WAS","Garrett Temple, John Wall, Marcin Gortat, Otto Porter Jr., Paul Pierce",11,68,68,68,68,1985,1985,0,0,0,0
"21400007","MIA","Chris Bosh, Dwyane Wade, Luol Deng, Norris Cole, Shawne Williams",12,53,52,64,66,1440,1760,11,14,-3,320
"21400007","WAS","Garrett Temple, John Wall, Kris Humphries, Otto Porter Jr., Paul Pierce",12,68,68,68,68,1985,1991,0,0,0,6
"21400007","MIA","Chris Andersen, Dwyane Wade, Luol Deng, Norris Cole, Shawne Williams",13,64,66,68,68,1760,1985,4,2,2,225
"21400007","WAS","Garrett Temple, John Wall, Kris Humphries, Marcin Gortat, Otto Porter Jr.",13,68,68,68,68,1991,2097,0,0,0,106
"21400007","MIA","Chris Andersen, Chris Bosh, Dwyane Wade, Luol Deng, Norris Cole",14,68,68,68,68,1985,1985,0,0,0,0
"21400007","WAS","Garrett Temple, John Wall, Kevin Seraphin, Kris Humphries, Otto Porter Jr.",14,68,68,70,69,2097,2146,2,1,1,49
"21400007","MIA","Chris Andersen, Chris Bosh, Dwyane Wade, James Ennis III, Norris Cole",15,68,68,68,68,1985,1991,0,0,0,6
"21400007","WAS","Garrett Temple, Kevin Seraphin, Kris Humphries, Otto Porter Jr., Rasual Butler",15,70,69,70,72,2146,2160,0,3,-3,14
"21400007","MIA","Chris Andersen, Chris Bosh, James Ennis III, Mario Chalmers, Norris Cole",16,68,68,68,68,1991,2035,0,0,0,44
"21400007","WAS","Andre Miller, Kevin Seraphin, Kris Humphries, Otto Porter Jr., Rasual Butler",16,70,72,75,82,2160,2349,5,10,-5,189
"21400007","MIA","Chris Andersen, Chris Bosh, James Ennis III, Mario Chalmers, Shabazz Napier",17,68,68,79,75,2035,2323,11,7,4,288
"21400007","WAS","Andre Miller, Drew Gooden, Kevin Seraphin, Otto Porter Jr., Rasual Butler",17,75,82,75,82,2349,2349,0,0,0,0
"21400007","MIA","Chris Bosh, James Ennis III, Mario Chalmers, Shabazz Napier, Shawne Williams",18,79,75,84,79,2323,2446,5,4,1,123
"21400007","WAS","Drew Gooden, John Wall, Kevin Seraphin, Otto Porter Jr., Rasual Butler",18,75,82,75,82,2349,2349,0,0,0,0
"21400007","MIA","Chris Bosh, Luol Deng, Mario Chalmers, Shabazz Napier, Shawne Williams",19,84,79,84,81,2446,2521,0,2,-2,75
"21400007","WAS","Drew Gooden, John Wall, Marcin Gortat, Otto Porter Jr., Rasual Butler",19,75,82,79,84,2349,2446,4,2,2,97
"21400007","MIA","Chris Bosh, Dwyane Wade, Luol Deng, Mario Chalmers, Shawne Williams",20,84,81,92,88,2521,2673,8,7,1,152
"21400007","WAS","Drew Gooden, John Wall, Marcin Gortat, Otto Porter Jr., Paul Pierce",20,79,84,86,92,2446,2664,7,8,-1,218
"21400007","MIA","Chris Bosh, Dwyane Wade, Luol Deng, Norris Cole, Shawne Williams",21,92,88,104,93,2673,2819,12,5,7,146
"21400007","WAS","Drew Gooden, Garrett Temple, John Wall, Marcin Gortat, Paul Pierce",21,86,92,93,104,2664,2819,7,12,-5,155
"21400007","MIA","Chris Bosh, Dwyane Wade, Luol Deng, Mario Chalmers, Norris Cole",22,104,93,107,95,2819,2880,3,2,1,61
"21400007","WAS","Garrett Temple, John Wall, Marcin Gortat, Paul Pierce, Rasual Butler",22,93,104,93,104,2819,2819,0,0,0,0
"21400007","WAS","John Wall, Marcin Gortat, Otto Porter Jr., Paul Pierce, Rasual Butler",23,93,104,95,104,2819,2855,2,0,2,36
"21400007","WAS","Garrett Temple, John Wall, Marcin Gortat, Otto Porter Jr., Rasual Butler",24,95,104,95,107,2855,2880,0,3,-3,25
"21400008","ATL","Al Horford, DeMarre Carroll, Jeff Teague, Kyle Korver, Paul Millsap",0,0,0,11,6,0,315,11,6,5,315
"21400008","TOR","Amir Johnson, DeMar DeRozan, Jonas Valanciunas, Kyle Lowry, Terrence Ross",0,0,0,8,11,0,322,8,11,-3,322
"21400008","ATL","DeMarre Carroll, Elton Brand, Jeff Teague, Kyle Korver, Paul Millsap",1,11,6,15,13,315,452,4,7,-3,137
"21400008","TOR","Amir Johnson, DeMar DeRozan, Kyle Lowry, Terrence Ross, Tyler Hansbrough",1,8,11,13,19,322,495,5,8,-3,173
"21400008","ATL","DeMarre Carroll, Elton Brand, Jeff Teague, Kent Bazemore, Paul Millsap",2,15,13,19,13,452,495,4,0,4,43
"21400008","TOR","Amir Johnson, DeMar DeRozan, James Johnson, Kyle Lowry, Tyler Hansbrough",2,13,19,13,19,495,495,0,0,0,0
"21400008","ATL","Elton Brand, Jeff Teague, Kent Bazemore, Paul Millsap, Shelvin Mack",3,19,13,19,13,495,495,0,0,0,0
"21400008","TOR","DeMar DeRozan, James Johnson, Kyle Lowry, Patrick Patterson, Tyler Hansbrough",3,13,19,16,21,495,544,3,2,1,49
"21400008","ATL","Elton Brand, Jeff Teague, Kent Bazemore, Mike Scott, Shelvin Mack",4,19,13,19,13,495,495,0,0,0,0
"21400008","TOR","James Johnson, Kyle Lowry, Lou Williams, Patrick Patterson, Tyler Hansbrough",4,16,21,20,21,544,639,4,0,4,95
"21400008","ATL","Elton Brand, Kent Bazemore, Mike Scott, Shelvin Mack, Thabo Sefolosha",5,19,13,21,20,495,639,2,7,-5,144
"21400008","TOR","Greivis Vasquez, James Johnson, Lou Williams, Patrick Patterson, Tyler Hansbrough",5,20,21,28,33,639,856,8,12,-4,217
"21400008","ATL","Al Horford, Kent Bazemore, Mike Scott, Shelvin Mack, Thabo Sefolosha",6,21,20,24,22,639,720,3,2,1,81
"21400008","TOR","Greivis Vasquez, James Johnson, Jonas Valanciunas, Lou Williams, Patrick Patterson",6,28,33,28,33,856,856,0,0,0,0
"21400008","ATL","Al Horford, Dennis Schroder, Mike Scott, Shelvin Mack, Thabo Sefolosha",7,24,22,35,28,720,902,11,6,5,182
"21400008","TOR","DeMar DeRozan, Greivis Vasquez, Jonas Valanciunas, Lou Williams, Patrick Patterson",7,28,33,28,35,856,932,0,2,-2,76
"21400008","ATL","Al Horford, Dennis Schroder, Kyle Korver, Mike Scott, Thabo Sefolosha",8,35,28,35,28,902,932,0,0,0,30
"21400008","TOR","Amir Johnson, DeMar DeRozan, Greivis Vasquez, Jonas Valanciunas, Lou Williams",8,28,35,28,36,932,991,0,1,-1,59
"21400008","ATL","Dennis Schroder, Kyle Korver, Mike Scott, Paul Millsap, Thabo Sefolosha",9,35,28,36,28,932,937,1,0,1,5
"21400008","TOR","Amir Johnson, DeMar DeRozan, Greivis Vasquez, Jonas Valanciunas, Terrence Ross",9,28,36,28,36,991,991,0,0,0,0
"21400008","ATL","Jeff Teague, Kyle Korver, Mike Scott, Paul Millsap, Thabo Sefolosha",10,36,28,36,28,937,991,0,0,0,54
"21400008","TOR","Amir Johnson, DeMar DeRozan, Jonas Valanciunas, Kyle Lowry, Terrence Ross",10,28,36,35,43,991,1076,7,7,0,85
"21400008","ATL","DeMarre Carroll, Jeff Teague, Kyle Korver, Mike Scott, Paul Millsap",11,36,28,43,35,991,1076,7,7,0,85
"21400008","TOR","Amir Johnson, DeMar DeRozan, Kyle Lowry, Terrence Ross, Tyler Hansbrough",11,35,43,50,51,1076,1297,15,8,7,221
"21400008","ATL","Al Horford, DeMarre Carroll, Jeff Teague, Kyle Korver, Paul Millsap",12,43,35,60,50,1076,1398,17,15,2,322
"21400008","TOR","Amir Johnson, DeMar DeRozan, Kyle Lowry, Patrick Patterson, Terrence Ross",12,50,51,52,60,1297,1440,2,9,-7,143
"21400008","ATL","Al Horford, Jeff Teague, Kyle Korver, Paul Millsap, Thabo Sefolosha",13,60,50,60,50,1398,1433,0,0,0,35
"21400008","TOR","Amir Johnson, DeMar DeRozan, Jonas Valanciunas, Kyle Lowry, Terrence Ross",13,52,60,63,74,1440,1752,11,14,-3,312
"21400008","ATL","Jeff Teague, Kyle Korver, Mike Scott, Paul Millsap, Thabo Sefolosha",14,60,50,60,52,1433,1440,0,2,-2,7
"21400008","TOR","Amir Johnson, DeMar DeRozan, Kyle Lowry, Terrence Ross, Tyler Hansbrough",14,63,74,67,78,1752,1940,4,4,0,188
"21400008","ATL","Al Horford, DeMarre Carroll, Jeff Teague, Kyle Korver, Paul Millsap",15,60,52,74,63,1440,1752,14,11,3,312
"21400008","TOR","Amir Johnson, DeMar DeRozan, Greivis Vasquez, Kyle Lowry, Tyler Hansbrough",15,67,78,67,78,1940,1940,0,0,0,0
"21400008","ATL","DeMarre Carroll, Elton Brand, Jeff Teague, Kyle Korver, Paul Millsap",16,74,63,78,67,1752,1894,4,4,0,142
"21400008","TOR","DeMar DeRozan, Greivis Vasquez, Kyle Lowry, Patrick Patterson, Tyler Hansbrough",16,67,78,67,80,1940,2003,0,2,-2,63
"21400008","ATL","DeMarre Carroll, Elton Brand, Jeff Teague, Kent Bazemore, Paul Millsap",17,78,67,78,67,1894,1940,0,0,0,46
"21400008","TOR","Greivis Vasquez, James Johnson, Kyle Lowry, Patrick Patterson, Tyler Hansbrough",17,67,80,67,80,2003,2003,0,0,0,0
"21400008","ATL","Elton Brand, Jeff Teague, Kent Bazemore, Paul Millsap, Thabo Sefolosha",18,78,67,78,67,1940,1940,0,0,0,0
"21400008","TOR","Greivis Vasquez, James Johnson, Lou Williams, Patrick Patterson, Tyler Hansbrough",18,67,80,71,86,2003,2209,4,6,-2,206
"21400008","ATL","Elton Brand, Kent Bazemore, Paul Millsap, Shelvin Mack, Thabo Sefolosha",19,78,67,80,67,1940,2003,2,0,2,63
"21400008","TOR","Greivis Vasquez, James Johnson, Jonas Valanciunas, Lou Williams, Patrick Patterson",19,71,86,80,96,2209,2473,9,10,-1,264
"21400008","ATL","Elton Brand, Kent Bazemore, Mike Scott, Shelvin Mack, Thabo Sefolosha",20,80,67,86,71,2003,2160,6,4,2,157
"21400008","TOR","DeMar DeRozan, Greivis Vasquez, Jonas Valanciunas, Lou Williams, Patrick Patterson",20,80,96,80,96,2473,2473,0,0,0,0
"21400008","ATL","Al Horford, Kent Bazemore, Mike Scott, Shelvin Mack, Thabo Sefolosha",21,86,71,90,73,2160,2290,4,2,2,130
"21400008","TOR","DeMar DeRozan, Greivis Vasquez, Jonas Valanciunas, Kyle Lowry, Patrick Patterson",21,80,96,82,98,2473,2502,2,2,0,29
"21400008","ATL","Al Horford, Kent Bazemore, Paul Millsap, Shelvin Mack, Thabo Sefolosha",22,90,73,90,73,2290,2290,0,0,0,0
"21400008","TOR","Amir Johnson, DeMar DeRozan, Greivis Vasquez, Kyle Lowry, Patrick Patterson",22,82,98,84,101,2502,2627,2,3,-1,125
"21400008","ATL","Al Horford, Kyle Korver, Paul Millsap, Shelvin Mack, Thabo Sefolosha",23,90,73,92,78,2290,2369,2,5,-3,79
"21400008","TOR","Amir Johnson, DeMar DeRozan, Kyle Lowry, Patrick Patterson, Terrence Ross",23,84,101,86,101,2627,2640,2,0,2,13
"21400008","ATL","Al Horford, DeMarre Carroll, Kyle Korver, Paul Millsap, Shelvin Mack",24,92,78,94,78,2369,2432,2,0,2,63
"21400008","TOR","Amir Johnson, DeMar DeRozan, Jonas Valanciunas, Kyle Lowry, Terrence Ross",24,86,101,94,102,2640,2733,8,1,7,93
"21400008","ATL","Al Horford, DeMarre Carroll, Jeff Teague, Kyle Korver, Paul Millsap",25,94,78,98,82,2432,2496,4,4,0,64
"21400008","TOR","Amir Johnson, DeMar DeRozan, Kyle Lowry, Patrick Patterson, Terrence Ross",25,94,102,102,109,2733,2880,8,7,1,147
"21400008","ATL","DeMarre Carroll, Jeff Teague, Kyle Korver, Mike Scott, Paul Millsap",26,98,82,101,84,2496,2627,3,2,1,131
"21400008","ATL","Al Horford, DeMarre Carroll, Jeff Teague, Kyle Korver, Mike Scott",27,101,84,107,102,2627,2856,6,18,-12,229
"21400008","ATL","Al Horford, DeMarre Carroll, Jeff Teague, Mike Scott, Thabo Sefolosha",28,107,102,107,102,2856,2856,0,0,0,0
"21400008","ATL","Al Horford, DeMarre Carroll, Jeff Teague, Paul Millsap, Thabo Sefolosha",29,107,102,109,102,2856,2880,2,0,2,24
"21400009","MEM","Courtney Lee, Marc Gasol, Mike Conley, Tony Allen, Zach Randolph",0,0,0,10,13,0,279,10,13,-3,279
"21400009","MIN","Andrew Wiggins, Corey Brewer, Nikola Pekovic, Ricky Rubio, Thaddeus Young",0,0,0,20,11,0,417,20,11,9,417
"21400009","MEM","Courtney Lee, Kosta Koufos, Mike Conley, Tony Allen, Zach Randolph",1,10,13,10,13,279,279,0,0,0,0
"21400009","MIN","Andrew Wiggins, Corey Brewer, Gorgui Dieng, Ricky Rubio, Thaddeus Young",1,20,11,20,11,417,417,0,0,0,0
"21400009","MEM","Beno Udrih, Courtney Lee, Kosta Koufos, Tony Allen, Zach Randolph",2,10,13,11,17,279,333,1,4,-3,54
"21400009","MIN","Andrew Wiggins, Gorgui Dieng, Mo Williams, Ricky Rubio, Thaddeus Young",2,20,11,22,20,417,538,2,9,-7,121
"21400009","MEM","Beno Udrih, Courtney Lee, Kosta Koufos, Quincy Pondexter, Zach Randolph",3,11,17,18,22,333,494,7,5,2,161
"21400009","MIN","Gorgui Dieng, Mo Williams, Ricky Rubio, Shabazz Muhammad, Thaddeus Young",3,22,20,22,21,538,575,0,1,-1,37
"21400009","MEM","Beno Udrih, Courtney Lee, Kosta Koufos, Quincy Pondexter, Vince Carter",4,18,22,18,22,494,494,0,0,0,0
"21400009","MIN","Anthony Bennett, Gorgui Dieng, Mo Williams, Ricky Rubio, Shabazz Muhammad",4,22,21,25,27,575,720,3,6,-3,145
"21400009","MEM","Beno Udrih, Jon Leuer, Kosta Koufos, Quincy Pondexter, Vince Carter",5,18,22,21,22,494,575,3,0,3,81
"21400009","MIN","Anthony Bennett, Chase Budinger, Gorgui Dieng, Mo Williams, Shabazz Muhammad",5,25,27,29,30,720,849,4,3,1,129
"21400009","MEM","Beno Udrih, Jon Leuer, Marc Gasol, Quincy Pondexter, Vince Carter",6,21,22,25,23,575,642,4,1,3,67
"21400009","MIN","Anthony Bennett, Chase Budinger, Mo Williams, Nikola Pekovic, Shabazz Muhammad",6,29,30,38,34,849,1028,9,4,5,179
"21400009","MEM","Beno Udrih, Jon Leuer, Marc Gasol, Tony Allen, Vince Carter",7,25,23,27,25,642,720,2,2,0,78
"21400009","MIN","Anthony Bennett, Chase Budinger, Corey Brewer, Mo Williams, Nikola Pekovic",7,38,34,38,34,1028,1028,0,0,0,0
"21400009","MEM","Jon Leuer, Marc Gasol, Mike Conley, Tony Allen, Vince Carter",8,27,25,36,38,720,1071,9,13,-4,351
"21400009","MIN","Chase Budinger, Corey Brewer, Mo Williams, Nikola Pekovic, Thaddeus Young",8,38,34,38,36,1028,1071,0,2,-2,43
"21400009","MEM","Courtney Lee, Jon Leuer, Mike Conley, Tony Allen, Vince Carter",9,36,38,36,38,1071,1071,0,0,0,0
"21400009","MIN","Chase Budinger, Corey Brewer, Nikola Pekovic, Ricky Rubio, Thaddeus Young",9,38,36,42,38,1071,1219,4,2,2,148
"21400009","MEM","Courtney Lee, Jon Leuer, Mike Conley, Tony Allen, Zach Randolph",10,36,38,38,42,1071,1192,2,4,-2,121
"21400009","MIN","Andrew Wiggins, Corey Brewer, Nikola Pekovic, Ricky Rubio, Thaddeus Young",10,42,38,46,43,1219,1364,4,5,-1,145
"21400009","MEM","Beno Udrih, Courtney Lee, Jon Leuer, Tony Allen, Zach Randolph",11,38,42,41,42,1192,1267,3,0,3,75
"21400009","MIN","Corey Brewer, Nikola Pekovic, Ricky Rubio, Shabazz Muhammad, Thaddeus Young",11,46,43,53,47,1364,1440,7,4,3,76
"21400009","MEM","Beno Udrih, Courtney Lee, Jon Leuer, Marc Gasol, Zach Randolph",12,41,42,41,42,1267,1267,0,0,0,0
"21400009","MIN","Andrew Wiggins, Corey Brewer, Nikola Pekovic, Ricky Rubio, Thaddeus Young",12,53,47,69,62,1440,1843,16,15,1,403
"21400009","MEM","Beno Udrih, Courtney Lee, Marc Gasol, Quincy Pondexter, Zach Randolph",13,41,42,41,46,1267,1327,0,4,-4,60
"21400009","MIN","Andrew Wiggins, Corey Brewer, Gorgui Dieng, Ricky Rubio, Thaddeus Young",13,69,62,71,62,1843,1870,2,0,2,27
"21400009","MEM","Courtney Lee, Marc Gasol, Mike Conley, Quincy Pondexter, Zach Randolph",14,41,46,47,53,1327,1440,6,7,-1,113
"21400009","MIN","Andrew Wiggins, Gorgui Dieng, Mo Williams, Ricky Rubio, Thaddeus Young",14,71,62,71,62,1870,1870,0,0,0,0
"21400009","MEM","Courtney Lee, Marc Gasol, Mike Conley, Tony Allen, Zach Randolph",15,47,53,74,81,1440,2160,27,28,-1,720
"21400009","MIN","Gorgui Dieng, Mo Williams, Ricky Rubio, Shabazz Muhammad, Thaddeus Young",15,71,62,81,74,1870,2160,10,12,-2,290
"21400009","MEM","Beno Udrih, Courtney Lee, Jon Leuer, Marc Gasol, Vince Carter",16,74,81,81,85,2160,2368,7,4,3,208
"21400009","MIN","Anthony Bennett, Chase Budinger, Gorgui Dieng, Mo Williams, Shabazz Muhammad",16,81,74,89,87,2160,2541,8,13,-5,381
"21400009","MEM","Beno Udrih, Courtney Lee, Jon Leuer, Vince Carter, Zach Randolph",17,81,85,81,85,2368,2368,0,0,0,0
"21400009","MIN","Anthony Bennett, Chase Budinger, Corey Brewer, Mo Williams, Shabazz Muhammad",17,89,87,89,87,2541,2541,0,0,0,0
"21400009","MEM","Beno Udrih, Jon Leuer, Quincy Pondexter, Vince Carter, Zach Randolph",18,81,85,85,85,2368,2425,4,0,4,57
"21400009","MIN","Anthony Bennett, Chase Budinger, Corey Brewer, Nikola Pekovic, Shabazz Muhammad",18,89,87,89,87,2541,2541,0,0,0,0
"21400009","MEM","Jon Leuer, Mike Conley, Quincy Pondexter, Vince Carter, Zach Randolph",19,85,85,87,89,2425,2541,2,4,-2,116
"21400009","MIN","Chase Budinger, Corey Brewer, Nikola Pekovic, Ricky Rubio, Shabazz Muhammad",19,89,87,89,87,2541,2541,0,0,0,0
"21400009","MEM","Jon Leuer, Marc Gasol, Mike Conley, Vince Carter, Zach Randolph",20,87,89,87,89,2541,2541,0,0,0,0
"21400009","MIN","Corey Brewer, Nikola Pekovic, Ricky Rubio, Shabazz Muhammad, Thaddeus Young",20,89,87,94,94,2541,2659,5,7,-2,118
"21400009","MEM","Courtney Lee, Jon Leuer, Marc Gasol, Mike Conley, Zach Randolph",21,87,89,87,89,2541,2541,0,0,0,0
"21400009","MIN","Corey Brewer, Mo Williams, Nikola Pekovic, Ricky Rubio, Thaddeus Young",21,94,94,103,101,2659,2849,9,7,2,190
"21400009","MEM","Courtney Lee, Marc Gasol, Mike Conley, Tony Allen, Zach Randolph",22,87,89,99,103,2541,2838,12,14,-2,297
"21400009","MIN","Corey Brewer, Gorgui Dieng, Mo Williams, Ricky Rubio, Thaddeus Young",22,103,101,105,101,2849,2873,2,0,2,24
"21400009","MEM","Courtney Lee, Marc Gasol, Mike Conley, Quincy Pondexter, Tony Allen",23,99,103,101,103,2838,2849,2,0,2,11
"21400009","MIN","Chase Budinger, Gorgui Dieng, Mo Williams, Ricky Rubio, Thaddeus Young",23,105,101,105,101,2873,2873,0,0,0,0
"21400009","MEM","Courtney Lee, Marc Gasol, Mike Conley, Tony Allen, Zach Randolph",24,101,103,101,103,2849,2849,0,0,0,0
"21400009","MIN","Chase Budinger, Mo Williams, Nikola Pekovic, Ricky Rubio, Thaddeus Young",24,105,101,105,101,2873,2880,0,0,0,7
"21400009","MEM","Courtney Lee, Marc Gasol, Mike Conley, Vince Carter, Zach Randolph",25,101,103,101,105,2849,2873,0,2,-2,24
"21400009","MEM","Courtney Lee, Marc Gasol, Mike Conley, Tony Allen, Vince Carter",26,101,105,101,105,2873,2873,0,0,0,0
"21400009","MEM","Courtney Lee, Marc Gasol, Mike Conley, Quincy Pondexter, Tony Allen",27,101,105,101,105,2873,2880,0,0,0,7
"21400010","CHI","Derrick Rose, Joakim Noah, Kirk Hinrich, Mike Dunleavy, Pau Gasol",0,0,0,11,12,0,439,11,12,-1,439
"21400010","NYK","Amar'e Stoudemire, Carmelo Anthony, Iman Shumpert, Samuel Dalembert, Shane Larkin",0,0,0,8,8,0,295,8,8,0,295
"21400010","CHI","Aaron Brooks, Joakim Noah, Kirk Hinrich, Mike Dunleavy, Pau Gasol",1,11,12,11,12,439,439,0,0,0,0
"21400010","NYK","Amar'e Stoudemire, Carmelo Anthony, Pablo Prigioni, Samuel Dalembert, Shane Larkin",1,8,8,12,8,295,364,4,0,4,69
"21400010","CHI","Aaron Brooks, Kirk Hinrich, Mike Dunleavy, Pau Gasol, Taj Gibson",2,11,12,11,16,439,528,0,4,-4,89
"21400010","NYK","Amar'e Stoudemire, Carmelo Anthony, JR Smith, Pablo Prigioni, Samuel Dalembert",2,12,8,12,11,364,439,0,3,-3,75
"21400010","CHI","Aaron Brooks, Doug McDermott, Mike Dunleavy, Pau Gasol, Taj Gibson",3,11,16,24,20,528,720,13,4,9,192
"21400010","NYK","Amar'e Stoudemire, Carmelo Anthony, Jason Smith, JR Smith, Pablo Prigioni",3,12,11,16,13,439,541,4,2,2,102
"21400010","CHI","Aaron Brooks, Doug McDermott, Nikola Mirotic, Taj Gibson, Tony Snell",4,24,20,39,28,720,1019,15,8,7,299
"21400010","NYK","Carmelo Anthony, Jason Smith, JR Smith, Pablo Prigioni, Quincy Acy",4,16,13,18,14,541,587,2,1,1,46
"21400010","CHI","Derrick Rose, Doug McDermott, Nikola Mirotic, Taj Gibson, Tony Snell",5,39,28,39,28,1019,1019,0,0,0,0
"21400010","NYK","Jason Smith, JR Smith, Pablo Prigioni, Quincy Acy, Tim Hardaway Jr.",5,18,14,24,33,587,895,6,19,-13,308
"21400010","CHI","Derrick Rose, Doug McDermott, Mike Dunleavy, Nikola Mirotic, Taj Gibson",6,39,28,44,32,1019,1109,5,4,1,90
"21400010","NYK","Jason Smith, JR Smith, Quincy Acy, Shane Larkin, Tim Hardaway Jr.",6,24,33,28,39,895,1019,4,6,-2,124
"21400010","CHI","Derrick Rose, Doug McDermott, Joakim Noah, Mike Dunleavy, Taj Gibson",7,44,32,44,34,1109,1143,0,2,-2,34
"21400010","NYK","Carmelo Anthony, Jason Smith, Quincy Acy, Shane Larkin, Tim Hardaway Jr.",7,28,39,28,39,1019,1019,0,0,0,0
"21400010","CHI","Derrick Rose, Joakim Noah, Kirk Hinrich, Mike Dunleavy, Taj Gibson",8,44,34,51,39,1143,1322,7,5,2,179
"21400010","NYK","Amar'e Stoudemire, Carmelo Anthony, Quincy Acy, Shane Larkin, Tim Hardaway Jr.",8,28,39,32,44,1019,1109,4,5,-1,90
"21400010","CHI","Derrick Rose, Joakim Noah, Kirk Hinrich, Mike Dunleavy, Pau Gasol",9,51,39,70,54,1322,1861,19,15,4,539
"21400010","NYK","Amar'e Stoudemire, Carmelo Anthony, Samuel Dalembert, Shane Larkin, Tim Hardaway Jr.",9,32,44,32,44,1109,1109,0,0,0,0
"21400010","CHI","Derrick Rose, Kirk Hinrich, Mike Dunleavy, Pau Gasol, Taj Gibson",10,70,54,70,54,1861,1861,0,0,0,0
"21400010","NYK","Amar'e Stoudemire, Carmelo Anthony, JR Smith, Samuel Dalembert, Shane Larkin",10,32,44,34,47,1109,1182,2,3,-1,73
"21400010","CHI","Aaron Brooks, Kirk Hinrich, Mike Dunleavy, Pau Gasol, Taj Gibson",11,70,54,81,58,1861,2037,11,4,7,176
"21400010","NYK","Amar'e Stoudemire, Carmelo Anthony, Iman Shumpert, Samuel Dalembert, Shane Larkin",11,34,47,43,51,1182,1399,9,4,5,217
"21400010","CHI","Aaron Brooks, Doug McDermott, Mike Dunleavy, Pau Gasol, Taj Gibson",12,81,58,84,60,2037,2160,3,2,1,123
"21400010","NYK","Amar'e Stoudemire, Carmelo Anthony, Samuel Dalembert, Shane Larkin, Tim Hardaway Jr.",12,43,51,43,53,1399,1440,0,2,-2,41
"21400010","CHI","Aaron Brooks, Doug McDermott, Pau Gasol, Taj Gibson, Tony Snell",13,84,60,88,65,2160,2352,4,5,-1,192
"21400010","NYK","Amar'e Stoudemire, Carmelo Anthony, Iman Shumpert, Samuel Dalembert, Shane Larkin",13,43,53,49,65,1440,1767,6,12,-6,327
"21400010","CHI","Aaron Brooks, Doug McDermott, Nikola Mirotic, Taj Gibson, Tony Snell",14,88,65,102,71,2352,2669,14,6,8,317
"21400010","NYK","Amar'e Stoudemire, Carmelo Anthony, JR Smith, Samuel Dalembert, Shane Larkin",14,49,65,54,70,1767,1861,5,5,0,94
"21400010","CHI","Aaron Brooks, Cameron Bairstow, Doug McDermott, Nikola Mirotic, Tony Snell",15,102,71,102,73,2669,2700,0,2,-2,31
"21400010","NYK","Amar'e Stoudemire, Carmelo Anthony, Cole Aldrich, JR Smith, Shane Larkin",15,54,70,54,74,1861,1913,0,4,-4,52
"21400010","CHI","Cameron Bairstow, Doug McDermott, E'Twaun Moore, Nikola Mirotic, Tony Snell",16,102,73,104,80,2700,2880,2,7,-5,180
"21400010","NYK","Carmelo Anthony, Cole Aldrich, JR Smith, Pablo Prigioni, Shane Larkin",16,54,74,54,74,1913,1913,0,0,0,0
"21400010","NYK","Carmelo Anthony, Cole Aldrich, Jason Smith, JR Smith, Pablo Prigioni",17,54,74,60,84,1913,2160,6,10,-4,247
"21400010","NYK","Cleanthony Early, Cole Aldrich, Pablo Prigioni, Quincy Acy, Tim Hardaway Jr.",18,60,84,65,88,2160,2352,5,4,1,192
"21400010","NYK","Cleanthony Early, Cole Aldrich, Quincy Acy, Tim Hardaway Jr., Travis Wear",19,65,88,65,88,2352,2352,0,0,0,0
"21400010","NYK","Cole Aldrich, Quincy Acy, Shane Larkin, Tim Hardaway Jr., Travis Wear",20,65,88,65,98,2352,2494,0,10,-10,142
"21400010","NYK","Cole Aldrich, JR Smith, Quincy Acy, Shane Larkin, Travis Wear",21,65,98,65,98,2494,2505,0,0,0,11
"21400010","NYK","Cole Aldrich, Iman Shumpert, JR Smith, Quincy Acy, Travis Wear",22,65,98,71,102,2505,2669,6,4,2,164
"21400010","NYK","Cleanthony Early, Cole Aldrich, Iman Shumpert, Quincy Acy, Travis Wear",23,71,102,71,102,2669,2669,0,0,0,0
"21400010","NYK","Cleanthony Early, Cole Aldrich, Iman Shumpert, Quincy Acy, Tim Hardaway Jr.",24,71,102,78,104,2669,2845,7,2,5,176
"21400010","NYK","Cleanthony Early, Cole Aldrich, Iman Shumpert, Quincy Acy, Travis Wear",25,78,104,80,104,2845,2880,2,0,2,35
"21400011","DEN","Arron Afflalo, Danilo Gallinari, Kenneth Faried, Timofey Mozgov, Ty Lawson",0,0,0,12,14,0,393,12,14,-2,393
"21400011","DET","Andre Drummond, Brandon Jennings, Josh Smith, Kentavious Caldwell-Pope, Kyle Singler",0,0,0,14,12,0,393,14,12,2,393
"21400011","DEN","Arron Afflalo, Danilo Gallinari, Jusuf Nurkic, Kenneth Faried, Ty Lawson",1,12,14,14,14,393,455,2,0,2,62
"21400011","DET","Andre Drummond, Brandon Jennings, Caron Butler, Josh Smith, Kentavious Caldwell-Pope",1,14,12,14,16,393,469,0,4,-4,76
"21400011","DEN","Arron Afflalo, Jusuf Nurkic, Kenneth Faried, Ty Lawson, Wilson Chandler",2,14,14,14,14,455,455,0,0,0,0
"21400011","DET","Andre Drummond, Brandon Jennings, Caron Butler, Josh Smith, Spencer Dinwiddie",2,14,16,18,17,469,532,4,1,3,63
"21400011","DEN","Arron Afflalo, Jusuf Nurkic, Kenneth Faried, Randy Foye, Wilson Chandler",3,14,14,17,16,455,492,3,2,1,37
"21400011","DET","Brandon Jennings, Caron Butler, Joel Anthony, Josh Smith, Spencer Dinwiddie",3,18,17,23,19,532,611,5,2,3,79
"21400011","DEN","Arron Afflalo, Darrell Arthur, Jusuf Nurkic, Randy Foye, Wilson Chandler",4,17,16,21,23,492,720,4,7,-3,228
"21400011","DET","Caron Butler, D.J. Augustin, Joel Anthony, Josh Smith, Spencer Dinwiddie",4,23,19,23,21,611,720,0,2,-2,109
"21400011","DEN","Darrell Arthur, Jusuf Nurkic, Nate Robinson, Randy Foye, Wilson Chandler",5,21,23,23,23,720,780,2,0,2,60
"21400011","DET","Caron Butler, D.J. Augustin, Joel Anthony, Jonas Jerebko, Spencer Dinwiddie",5,23,21,29,28,720,929,6,7,-1,209
"21400011","DEN","Darrell Arthur, JaVale McGee, Nate Robinson, Randy Foye, Wilson Chandler",6,23,23,29,29,780,969,6,6,0,189
"21400011","DET","Caron Butler, D.J. Augustin, Joel Anthony, Jonas Jerebko, Kentavious Caldwell-Pope",6,29,28,29,29,929,969,0,1,-1,40
"21400011","DEN","JaVale McGee, Kenneth Faried, Nate Robinson, Randy Foye, Wilson Chandler",7,29,29,33,32,969,1036,4,3,1,67
"21400011","DET","D.J. Augustin, Joel Anthony, Jonas Jerebko, Kentavious Caldwell-Pope, Kyle Singler",7,29,29,29,29,969,969,0,0,0,0
"21400011","DEN","JaVale McGee, Kenneth Faried, Nate Robinson, Ty Lawson, Wilson Chandler",8,33,32,33,32,1036,1036,0,0,0,0
"21400011","DET","Andre Drummond, D.J. Augustin, Jonas Jerebko, Kentavious Caldwell-Pope, Kyle Singler",8,29,29,32,38,969,1087,3,9,-6,118
"21400011","DEN","Kenneth Faried, Nate Robinson, Timofey Mozgov, Ty Lawson, Wilson Chandler",9,33,32,38,32,1036,1087,5,0,5,51
"21400011","DET","Andre Drummond, D.J. Augustin, Josh Smith, Kentavious Caldwell-Pope, Kyle Singler",9,32,38,35,38,1087,1255,3,0,3,168
"21400011","DEN","Arron Afflalo, Kenneth Faried, Timofey Mozgov, Ty Lawson, Wilson Chandler",10,38,32,38,32,1087,1126,0,0,0,39
"21400011","DET","D.J. Augustin, Joel Anthony, Josh Smith, Kentavious Caldwell-Pope, Kyle Singler",10,35,38,37,38,1255,1349,2,0,2,94
"21400011","DEN","Arron Afflalo, Danilo Gallinari, Kenneth Faried, Timofey Mozgov, Ty Lawson",11,38,32,53,52,1126,1769,15,20,-5,643
"21400011","DET","D.J. Augustin, Joel Anthony, Jonas Jerebko, Kentavious Caldwell-Pope, Kyle Singler",11,37,38,40,38,1349,1395,3,0,3,46
"21400011","DEN","Arron Afflalo, Kenneth Faried, Timofey Mozgov, Ty Lawson, Wilson Chandler",12,53,52,53,52,1769,1769,0,0,0,0
"21400011","DET","Caron Butler, D.J. Augustin, Joel Anthony, Jonas Jerebko, Kentavious Caldwell-Pope",12,40,38,42,40,1395,1440,2,2,0,45
"21400011","DEN","Arron Afflalo, Jusuf Nurkic, Kenneth Faried, Ty Lawson, Wilson Chandler",13,53,52,53,52,1769,1778,0,0,0,9
"21400011","DET","Andre Drummond, Brandon Jennings, Josh Smith, Kentavious Caldwell-Pope, Kyle Singler",13,42,40,52,53,1440,1769,10,13,-3,329
"21400011","DEN","Arron Afflalo, Darrell Arthur, Jusuf Nurkic, Ty Lawson, Wilson Chandler",14,53,52,63,65,1778,2160,10,13,-3,382
"21400011","DET","Brandon Jennings, Joel Anthony, Josh Smith, Kentavious Caldwell-Pope, Kyle Singler",14,52,53,55,56,1769,1879,3,3,0,110
"21400011","DEN","Alonzo Gee, Darrell Arthur, JaVale McGee, Randy Foye, Wilson Chandler",15,63,65,66,67,2160,2284,3,2,1,124
"21400011","DET","Brandon Jennings, Caron Butler, Joel Anthony, Josh Smith, Kyle Singler",15,55,56,64,59,1879,2017,9,3,6,138
"21400011","DEN","Alonzo Gee, Arron Afflalo, JaVale McGee, Randy Foye, Wilson Chandler",16,66,67,72,75,2284,2447,6,8,-2,163
"21400011","DET","Caron Butler, D.J. Augustin, Joel Anthony, Josh Smith, Kyle Singler",16,64,59,64,61,2017,2080,0,2,-2,63
"21400011","DEN","Alonzo Gee, Arron Afflalo, Randy Foye, Timofey Mozgov, Wilson Chandler",17,72,75,72,75,2447,2476,0,0,0,29
"21400011","DET","Caron Butler, D.J. Augustin, Joel Anthony, Jonas Jerebko, Kyle Singler",17,64,61,65,63,2080,2160,1,2,-1,80
"21400011","DEN","Alonzo Gee, Arron Afflalo, Timofey Mozgov, Ty Lawson, Wilson Chandler",18,72,75,73,77,2476,2520,1,2,-1,44
"21400011","DET","Caron Butler, D.J. Augustin, Joel Anthony, Jonas Jerebko, Kentavious Caldwell-Pope",18,65,63,65,63,2160,2226,0,0,0,66
"21400011","DEN","Alonzo Gee, Arron Afflalo, Kenneth Faried, Timofey Mozgov, Ty Lawson",19,73,77,79,89,2520,2848,6,12,-6,328
"21400011","DET","Andre Drummond, Caron Butler, D.J. Augustin, Jonas Jerebko, Kentavious Caldwell-Pope",19,65,63,73,68,2226,2352,8,5,3,126
"21400011","DEN","Alonzo Gee, Arron Afflalo, Kenneth Faried, Randy Foye, Ty Lawson",20,79,89,79,89,2848,2880,0,0,0,32
"21400011","DET","Andre Drummond, Caron Butler, D.J. Augustin, Josh Smith, Kentavious Caldwell-Pope",20,73,68,79,75,2352,2626,6,7,-1,274
"21400011","DET","Andre Drummond, D.J. Augustin, Josh Smith, Kentavious Caldwell-Pope, Kyle Singler",21,79,75,81,77,2626,2702,2,2,0,76
"21400011","DET","D.J. Augustin, Joel Anthony, Josh Smith, Kentavious Caldwell-Pope, Kyle Singler",22,81,77,89,79,2702,2880,8,2,6,178
"21400012","HOU","Dwight Howard, James Harden, Patrick Beverley, Terrence Jones, Trevor Ariza",0,0,0,18,17,0,423,18,17,1,423
"21400012","UTA","Alec Burks, Derrick Favors, Enes Kanter, Gordon Hayward, Trey Burke",0,0,0,17,18,0,423,17,18,-1,423
"21400012","HOU","Donatas Motiejunas, Dwight Howard, James Harden, Patrick Beverley, Trevor Ariza",1,18,17,18,17,423,423,0,0,0,0
"21400012","UTA","Derrick Favors, Enes Kanter, Gordon Hayward, Rodney Hood, Trey Burke",1,17,18,20,20,423,477,3,2,1,54
"21400012","HOU","Donatas Motiejunas, Dwight Howard, James Harden, Tarik Black, Trevor Ariza",2,18,17,18,17,423,423,0,0,0,0
"21400012","UTA","Derrick Favors, Gordon Hayward, Rodney Hood, Trevor Booker, Trey Burke",2,20,20,27,25,477,619,7,5,2,142
"21400012","HOU","Donatas Motiejunas, James Harden, Jason Terry, Tarik Black, Trevor Ariza",3,18,17,20,20,423,477,2,3,-1,54
"21400012","UTA","Gordon Hayward, Rodney Hood, Rudy Gobert, Trevor Booker, Trey Burke",3,27,25,27,25,619,619,0,0,0,0
"21400012","HOU","Donatas Motiejunas, James Harden, Jason Terry, Kostas Papanikolaou, Tarik Black",4,20,20,25,27,477,619,5,7,-2,142
"21400012","UTA","Dante Exum, Gordon Hayward, Rodney Hood, Rudy Gobert, Trevor Booker",4,27,25,27,27,619,720,0,2,-2,101
"21400012","HOU","Donatas Motiejunas, Dwight Howard, Jason Terry, Kostas Papanikolaou, Tarik Black",5,25,27,25,27,619,619,0,0,0,0
"21400012","UTA","Alec Burks, Dante Exum, Rodney Hood, Rudy Gobert, Trevor Booker",5,27,27,27,31,720,827,0,4,-4,107
"21400012","HOU","Donatas Motiejunas, Dwight Howard, Isaiah Canaan, Jason Terry, Kostas Papanikolaou",6,25,27,29,27,619,791,4,0,4,172
"21400012","UTA","Alec Burks, Dante Exum, Joe Ingles, Rudy Gobert, Trevor Booker",6,27,31,34,38,827,957,7,7,0,130
"21400012","HOU","Dwight Howard, Isaiah Canaan, Jason Terry, Kostas Papanikolaou, Terrence Jones",7,29,27,31,30,791,864,2,3,-1,73
"21400012","UTA","Alec Burks, Joe Ingles, Rudy Gobert, Trevor Booker, Trey Burke",7,34,38,38,42,957,1077,4,4,0,120
"21400012","HOU","Dwight Howard, Isaiah Canaan, Kostas Papanikolaou, Patrick Beverley, Terrence Jones",8,31,30,36,32,864,924,5,2,3,60
"21400012","UTA","Gordon Hayward, Joe Ingles, Rudy Gobert, Trevor Booker, Trey Burke",8,38,42,38,42,1077,1077,0,0,0,0
"21400012","HOU","Dwight Howard, Isaiah Canaan, Patrick Beverley, Terrence Jones, Trevor Ariza",9,36,32,38,34,924,957,2,2,0,33
"21400012","UTA","Gordon Hayward, Rodney Hood, Rudy Gobert, Trevor Booker, Trey Burke",9,38,42,38,42,1077,1077,0,0,0,0
"21400012","HOU","Dwight Howard, James Harden, Patrick Beverley, Terrence Jones, Trevor Ariza",10,38,34,38,34,957,957,0,0,0,0
"21400012","UTA","Derrick Favors, Gordon Hayward, Rodney Hood, Trevor Booker, Trey Burke",10,38,42,38,42,1077,1165,0,0,0,88
"21400012","HOU","Dwight Howard, James Harden, Kostas Papanikolaou, Patrick Beverley, Trevor Ariza",11,38,34,42,38,957,1077,4,4,0,120
"21400012","UTA","Derrick Favors, Enes Kanter, Gordon Hayward, Rodney Hood, Trey Burke",11,38,42,41,44,1165,1215,3,2,1,50
"21400012","HOU","James Harden, Kostas Papanikolaou, Patrick Beverley, Tarik Black, Trevor Ariza",12,42,38,44,41,1077,1215,2,3,-1,138
"21400012","UTA","Alec Burks, Derrick Favors, Enes Kanter, Gordon Hayward, Trey Burke",12,41,44,44,44,1215,1236,3,0,3,21
"21400012","HOU","Dwight Howard, James Harden, Kostas Papanikolaou, Patrick Beverley, Trevor Ariza",13,44,41,50,50,1215,1347,6,9,-3,132
"21400012","UTA","Alec Burks, Enes Kanter, Gordon Hayward, Rodney Hood, Trey Burke",13,44,44,47,46,1236,1277,3,2,1,41
"21400012","HOU","James Harden, Kostas Papanikolaou, Patrick Beverley, Tarik Black, Trevor Ariza",14,50,50,50,58,1347,1440,0,8,-8,93
"21400012","UTA","Alec Burks, Gordon Hayward, Rodney Hood, Rudy Gobert, Trey Burke",14,47,46,58,50,1277,1440,11,4,7,163
"21400012","HOU","Dwight Howard, James Harden, Patrick Beverley, Terrence Jones, Trevor Ariza",15,50,58,57,68,1440,1796,7,10,-3,356
"21400012","UTA","Alec Burks, Derrick Favors, Enes Kanter, Gordon Hayward, Trey Burke",15,58,50,66,57,1440,1652,8,7,1,212
"21400012","HOU","James Harden, Patrick Beverley, Tarik Black, Terrence Jones, Trevor Ariza",16,57,68,59,68,1796,1855,2,0,2,59
"21400012","UTA","Alec Burks, Enes Kanter, Gordon Hayward, Rudy Gobert, Trey Burke",16,66,57,68,60,1652,1870,2,3,-1,218
"21400012","HOU","James Harden, Kostas Papanikolaou, Patrick Beverley, Tarik Black, Trevor Ariza",17,59,68,60,68,1855,1870,1,0,1,15
"21400012","UTA","Enes Kanter, Gordon Hayward, Rodney Hood, Rudy Gobert, Trey Burke",17,68,60,68,60,1870,1870,0,0,0,0
"21400012","HOU","James Harden, Jason Terry, Kostas Papanikolaou, Tarik Black, Trevor Ariza",18,60,68,66,75,1870,2008,6,7,-1,138
"21400012","UTA","Gordon Hayward, Rodney Hood, Rudy Gobert, Trevor Booker, Trey Burke",18,68,60,75,66,1870,2008,7,6,1,138
"21400012","HOU","Dwight Howard, James Harden, Jason Terry, Kostas Papanikolaou, Trevor Ariza",19,66,75,66,75,2008,2008,0,0,0,0
"21400012","UTA","Derrick Favors, Gordon Hayward, Rodney Hood, Trevor Booker, Trey Burke",19,75,66,75,72,2008,2160,0,6,-6,152
"21400012","HOU","Dwight Howard, Isaiah Canaan, Jason Terry, Kostas Papanikolaou, Trevor Ariza",20,66,75,66,75,2008,2025,0,0,0,17
"21400012","UTA","Alec Burks, Derrick Favors, Rodney Hood, Trevor Booker, Trey Burke",20,75,72,79,74,2160,2259,4,2,2,99
"21400012","HOU","Isaiah Canaan, Jason Terry, Kostas Papanikolaou, Tarik Black, Trevor Ariza",21,66,75,72,75,2025,2160,6,0,6,135
"21400012","UTA","Alec Burks, Dante Exum, Derrick Favors, Rodney Hood, Trevor Booker",21,79,74,79,76,2259,2311,0,2,-2,52
"21400012","HOU","Donatas Motiejunas, Jason Terry, Kostas Papanikolaou, Patrick Beverley, Tarik Black",22,72,75,74,79,2160,2259,2,4,-2,99
"21400012","UTA","Alec Burks, Dante Exum, Derrick Favors, Enes Kanter, Rodney Hood",22,79,76,81,76,2311,2340,2,0,2,29
"21400012","HOU","Donatas Motiejunas, James Harden, Jason Terry, Patrick Beverley, Tarik Black",23,74,79,74,79,2259,2259,0,0,0,0
"21400012","UTA","Alec Burks, Dante Exum, Enes Kanter, Rodney Hood, Rudy Gobert",23,81,76,86,76,2340,2395,5,0,5,55
"21400012","HOU","Donatas Motiejunas, Dwight Howard, James Harden, Jason Terry, Patrick Beverley",24,74,79,76,79,2259,2311,2,0,2,52
"21400012","UTA","Alec Burks, Dante Exum, Enes Kanter, Gordon Hayward, Rudy Gobert",24,86,76,86,76,2395,2395,0,0,0,0
"21400012","HOU","Dwight Howard, James Harden, Jason Terry, Patrick Beverley, Terrence Jones",25,76,79,76,86,2311,2395,0,7,-7,84
"21400012","UTA","Alec Burks, Enes Kanter, Gordon Hayward, Rudy Gobert, Trey Burke",25,86,76,89,77,2395,2514,3,1,2,119
"21400012","HOU","Dwight Howard, James Harden, Patrick Beverley, Terrence Jones, Trevor Ariza",26,76,86,79,93,2395,2570,3,7,-4,175
"21400012","UTA","Alec Burks, Gordon Hayward, Rudy Gobert, Trevor Booker, Trey Burke",26,89,77,93,79,2514,2570,4,2,2,56
"21400012","HOU","Dwight Howard, James Harden, Jason Terry, Terrence Jones, Trevor Ariza",27,79,93,89,102,2570,2787,10,9,1,217
"21400012","UTA","Alec Burks, Derrick Favors, Gordon Hayward, Trevor Booker, Trey Burke",27,93,79,102,89,2570,2777,9,10,-1,207
"21400012","HOU","James Harden, Jason Terry, Tarik Black, Terrence Jones, Trevor Ariza",28,89,102,93,104,2787,2880,4,2,2,93
"21400012","UTA","Alec Burks, Derrick Favors, Enes Kanter, Gordon Hayward, Trey Burke",28,102,89,102,89,2777,2777,0,0,0,0
"21400012","UTA","Alec Burks, Dante Exum, Derrick Favors, Enes Kanter, Gordon Hayward",29,102,89,104,93,2777,2880,2,4,-2,103
"21400013","LAL","Carlos Boozer, Jeremy Lin, Jordan Hill, Kobe Bryant, Wesley Johnson",0,0,0,9,20,0,429,9,20,-11,429
"21400013","PHX","Eric Bledsoe, Goran Dragic, Marcus Morris Sr., Markieff Morris, Miles Plumlee",0,0,0,12,9,0,282,12,9,3,282
"21400013","LAL","Carlos Boozer, Ed Davis, Jeremy Lin, Kobe Bryant, Wesley Johnson",1,9,20,11,20,429,436,2,0,2,7
"21400013","PHX","Alex Len, Eric Bledsoe, Goran Dragic, Marcus Morris Sr., Markieff Morris",1,12,9,20,9,282,429,8,0,8,147
"21400013","LAL","Carlos Boozer, Ed Davis, Jeremy Lin, Ronnie Price, Wesley Johnson",2,11,20,15,30,436,599,4,10,-6,163
"21400013","PHX","Alex Len, Eric Bledsoe, Isaiah Thomas, Marcus Morris Sr., Markieff Morris",2,20,9,23,15,429,524,3,6,-3,95
"21400013","LAL","Carlos Boozer, Ed Davis, Ronnie Price, Wayne Ellington, Wesley Johnson",3,15,30,19,33,599,720,4,3,1,121
"21400013","PHX","Alex Len, Gerald Green, Isaiah Thomas, Marcus Morris Sr., Markieff Morris",3,23,15,30,15,524,589,7,0,7,65
"21400013","LAL","Ed Davis, Jordan Clarkson, Jordan Hill, Ronnie Price, Wayne Ellington",4,19,33,30,38,720,923,11,5,6,203
"21400013","PHX","Alex Len, Archie Goodwin, Gerald Green, Isaiah Thomas, Markieff Morris",4,30,15,33,19,589,720,3,4,-1,131
"21400013","LAL","Ed Davis, Jordan Hill, Kobe Bryant, Ronnie Price, Wayne Ellington",5,30,38,39,48,923,1179,9,10,-1,256
"21400013","PHX","Anthony Tolliver, Archie Goodwin, Gerald Green, Isaiah Thomas, Miles Plumlee",5,33,19,34,28,720,819,1,9,-8,99
"21400013","LAL","Jordan Hill, Kobe Bryant, Ronnie Price, Wayne Ellington, Wesley Johnson",6,39,48,39,48,1179,1179,0,0,0,0
"21400013","PHX","Anthony Tolliver, Gerald Green, Goran Dragic, Isaiah Thomas, Miles Plumlee",6,34,28,41,37,819,1002,7,9,-2,183
"21400013","LAL","Carlos Boozer, Jordan Hill, Kobe Bryant, Ronnie Price, Wesley Johnson",7,39,48,42,50,1179,1233,3,2,1,54
"21400013","PHX","Anthony Tolliver, Eric Bledsoe, Gerald Green, Goran Dragic, Miles Plumlee",7,41,37,41,37,1002,1002,0,0,0,0
"21400013","LAL","Carlos Boozer, Jeremy Lin, Jordan Hill, Kobe Bryant, Wesley Johnson",8,42,50,44,54,1233,1272,2,4,-2,39
"21400013","PHX","Anthony Tolliver, Eric Bledsoe, Goran Dragic, Marcus Morris Sr., Miles Plumlee",8,41,37,43,37,1002,1037,2,0,2,35
"21400013","LAL","Carlos Boozer, Ed Davis, Jeremy Lin, Kobe Bryant, Wesley Johnson",9,44,54,50,59,1272,1440,6,5,1,168
"21400013","PHX","Alex Len, Anthony Tolliver, Eric Bledsoe, Goran Dragic, Marcus Morris Sr.",9,43,37,43,39,1037,1068,0,2,-2,31
"21400013","LAL","Carlos Boozer, Jeremy Lin, Jordan Hill, Kobe Bryant, Wesley Johnson",10,50,59,61,81,1440,1840,11,22,-11,400
"21400013","PHX","Alex Len, Eric Bledsoe, Goran Dragic, Marcus Morris Sr., Markieff Morris",10,43,39,54,46,1068,1356,11,7,4,288
"21400013","LAL","Ed Davis, Jeremy Lin, Jordan Hill, Kobe Bryant, Wesley Johnson",11,61,81,64,85,1840,1900,3,4,-1,60
"21400013","PHX","Alex Len, Goran Dragic, Isaiah Thomas, Marcus Morris Sr., Markieff Morris",11,54,46,59,50,1356,1440,5,4,1,84
"21400013","LAL","Ed Davis, Jordan Hill, Kobe Bryant, Ronnie Price, Wesley Johnson",12,64,85,66,92,1900,1985,2,7,-5,85
"21400013","PHX","Eric Bledsoe, Goran Dragic, Marcus Morris Sr., Markieff Morris, Miles Plumlee",12,59,50,75,59,1440,1757,16,9,7,317
"21400013","LAL","Ed Davis, Kobe Bryant, Ronnie Price, Wayne Ellington, Wesley Johnson",13,66,92,73,98,1985,2160,7,6,1,175
"21400013","PHX","Alex Len, Eric Bledsoe, Goran Dragic, Marcus Morris Sr., Markieff Morris",13,75,59,85,64,1757,1900,10,5,5,143
"21400013","LAL","Ed Davis, Jordan Clarkson, Robert Sacre, Ronnie Price, Wayne Ellington",14,73,98,99,119,2160,2880,26,21,5,720
"21400013","PHX","Alex Len, Eric Bledsoe, Goran Dragic, Marcus Morris Sr., Shavlik Randolph",14,85,64,91,66,1900,1962,6,2,4,62
"21400013","PHX","Alex Len, Eric Bledsoe, Isaiah Thomas, Marcus Morris Sr., Shavlik Randolph",15,91,66,95,68,1962,2038,4,2,2,76
"21400013","PHX","Eric Bledsoe, Gerald Green, Isaiah Thomas, Marcus Morris Sr., Shavlik Randolph",16,95,68,98,73,2038,2130,3,5,-2,92
"21400013","PHX","Gerald Green, Isaiah Thomas, Marcus Morris Sr., Shavlik Randolph, Tyler Ennis",17,98,73,98,73,2130,2160,0,0,0,30
"21400013","PHX","Gerald Green, Isaiah Thomas, Miles Plumlee, Shavlik Randolph, Tyler Ennis",18,98,73,110,86,2160,2522,12,13,-1,362
"21400013","PHX","Archie Goodwin, Gerald Green, Miles Plumlee, Shavlik Randolph, Tyler Ennis",19,110,86,110,86,2522,2522,0,0,0,0
"21400013","PHX","Anthony Tolliver, Archie Goodwin, Gerald Green, Miles Plumlee, Tyler Ennis",20,110,86,117,92,2522,2732,7,6,1,210
"21400013","PHX","Anthony Tolliver, Archie Goodwin, Gerald Green, Shavlik Randolph, Tyler Ennis",21,117,92,119,99,2732,2880,2,7,-5,148
"21400014","GSW","Andrew Bogut, Draymond Green, Harrison Barnes, Klay Thompson, Stephen Curry",0,0,0,9,12,0,360,9,12,-3,360
"21400014","SAC","Ben McLemore, Darren Collison, DeMarcus Cousins, Jason Thompson, Rudy Gay",0,0,0,13,12,0,446,13,12,1,446
"21400014","GSW","Draymond Green, Festus Ezeli, Harrison Barnes, Klay Thompson, Stephen Curry",1,9,12,11,13,360,404,2,1,1,44
"21400014","SAC","Ben McLemore, Darren Collison, DeMarcus Cousins, Nik Stauskas, Rudy Gay",1,13,12,13,12,446,446,0,0,0,0
"21400014","GSW","Andre Iguodala, Draymond Green, Festus Ezeli, Klay Thompson, Stephen Curry",2,11,13,12,13,404,446,1,0,1,42
"21400014","SAC","Carl Landry, Darren Collison, DeMarcus Cousins, Nik Stauskas, Rudy Gay",2,13,12,15,14,446,502,2,2,0,56
"21400014","GSW","Andre Iguodala, Festus Ezeli, Klay Thompson, Marreese Speights, Stephen Curry",3,12,13,16,19,446,587,4,6,-2,141
"21400014","SAC","Carl Landry, Darren Collison, DeMarcus Cousins, Derrick Williams, Nik Stauskas",3,15,14,19,16,502,569,4,2,2,67
"21400014","GSW","Andre Iguodala, Festus Ezeli, Klay Thompson, Leandro Barbosa, Marreese Speights",4,16,19,16,23,587,632,0,4,-4,45
"21400014","SAC","Carl Landry, Darren Collison, Derrick Williams, Nik Stauskas, Ramon Sessions",4,19,16,19,16,569,569,0,0,0,0
"21400014","GSW","Andre Iguodala, Festus Ezeli, Justin Holiday, Leandro Barbosa, Marreese Speights",5,16,23,18,23,632,656,2,0,2,24
"21400014","SAC","Carl Landry, Derrick Williams, Nik Stauskas, Ramon Sessions, Reggie Evans",5,19,16,29,29,569,937,10,13,-3,368
"21400014","GSW","Andre Iguodala, Justin Holiday, Leandro Barbosa, Marreese Speights, Ognjen Kuzmic",6,18,23,23,25,656,720,5,2,3,64
"21400014","SAC","DeMarcus Cousins, Derrick Williams, Nik Stauskas, Ramon Sessions, Reggie Evans",6,29,29,31,31,937,983,2,2,0,46
"21400014","GSW","Andre Iguodala, Andrew Bogut, Justin Holiday, Leandro Barbosa, Marreese Speights",7,23,25,29,27,720,899,6,2,4,179
"21400014","SAC","DeMarcus Cousins, Nik Stauskas, Ramon Sessions, Reggie Evans, Rudy Gay",7,31,31,31,31,983,983,0,0,0,0
"21400014","GSW","Andre Iguodala, Andrew Bogut, Justin Holiday, Leandro Barbosa, Stephen Curry",8,29,27,29,27,899,899,0,0,0,0
"21400014","SAC","DeMarcus Cousins, Jason Thompson, Nik Stauskas, Ramon Sessions, Rudy Gay",8,31,31,36,31,983,1039,5,0,5,56
"21400014","GSW","Andre Iguodala, Andrew Bogut, Justin Holiday, Klay Thompson, Stephen Curry",9,29,27,29,27,899,899,0,0,0,0
"21400014","SAC","Darren Collison, DeMarcus Cousins, Jason Thompson, Ramon Sessions, Rudy Gay",9,36,31,36,31,1039,1039,0,0,0,0
"21400014","GSW","Andre Iguodala, Andrew Bogut, Draymond Green, Klay Thompson, Stephen Curry",10,29,27,31,34,899,1009,2,7,-5,110
"21400014","SAC","Ben McLemore, Darren Collison, DeMarcus Cousins, Jason Thompson, Rudy Gay",10,36,31,37,35,1039,1160,1,4,-3,121
"21400014","GSW","Andrew Bogut, Draymond Green, Harrison Barnes, Klay Thompson, Stephen Curry",11,31,34,33,36,1009,1064,2,2,0,55
"21400014","SAC","Ben McLemore, Carl Landry, Darren Collison, DeMarcus Cousins, Rudy Gay",11,37,35,39,43,1160,1305,2,8,-6,145
"21400014","GSW","Draymond Green, Festus Ezeli, Harrison Barnes, Klay Thompson, Stephen Curry",12,33,36,35,36,1064,1128,2,0,2,64
"21400014","SAC","Carl Landry, Darren Collison, DeMarcus Cousins, Nik Stauskas, Rudy Gay",12,39,43,43,49,1305,1401,4,6,-2,96
"21400014","GSW","Draymond Green, Harrison Barnes, Klay Thompson, Ognjen Kuzmic, Stephen Curry",13,35,36,43,39,1128,1305,8,3,5,177
"21400014","SAC","Carl Landry, Darren Collison, DeMarcus Cousins, Derrick Williams, Nik Stauskas",13,43,49,45,49,1401,1415,2,0,2,14
"21400014","GSW","Draymond Green, Harrison Barnes, Klay Thompson, Marreese Speights, Stephen Curry",14,43,39,49,43,1305,1401,6,4,2,96
"21400014","SAC","Ben McLemore, Darren Collison, DeMarcus Cousins, Derrick Williams, Nik Stauskas",14,45,49,45,49,1415,1423,0,0,0,8
"21400014","GSW","Andre Iguodala, Draymond Green, Harrison Barnes, Klay Thompson, Marreese Speights",15,49,43,49,47,1401,1440,0,4,-4,39
"21400014","SAC","Ben McLemore, Darren Collison, DeMarcus Cousins, Derrick Williams, Ramon Sessions",15,45,49,47,49,1423,1440,2,0,2,17
"21400014","GSW","Andrew Bogut, Draymond Green, Harrison Barnes, Klay Thompson, Stephen Curry",16,49,47,49,49,1440,1474,0,2,-2,34
"21400014","SAC","Ben McLemore, Darren Collison, DeMarcus Cousins, Jason Thompson, Rudy Gay",16,47,49,51,52,1440,1711,4,3,1,271
"21400014","GSW","Draymond Green, Festus Ezeli, Harrison Barnes, Klay Thompson, Stephen Curry",17,49,49,51,50,1474,1603,2,1,1,129
"21400014","SAC","Ben McLemore, Carl Landry, Darren Collison, Jason Thompson, Rudy Gay",17,51,52,51,54,1711,1749,0,2,-2,38
"21400014","GSW","Draymond Green, Harrison Barnes, Klay Thompson, Ognjen Kuzmic, Stephen Curry",18,51,50,52,50,1603,1666,1,0,1,63
"21400014","SAC","Carl Landry, Darren Collison, Jason Thompson, Nik Stauskas, Rudy Gay",18,51,54,55,54,1749,1826,4,0,4,77
"21400014","GSW","Andre Iguodala, Draymond Green, Klay Thompson, Ognjen Kuzmic, Stephen Curry",19,52,50,54,51,1666,1749,2,1,1,83
"21400014","SAC","Carl Landry, Darren Collison, Derrick Williams, Nik Stauskas, Rudy Gay",19,55,54,60,56,1826,1920,5,2,3,94
"21400014","GSW","Andre Iguodala, Draymond Green, Harrison Barnes, Klay Thompson, Stephen Curry",20,54,51,56,60,1749,1923,2,9,-7,174
"21400014","SAC","Carl Landry, Derrick Williams, Nik Stauskas, Ramon Sessions, Rudy Gay",20,60,56,62,56,1920,1956,2,0,2,36
"21400014","GSW","Andre Iguodala, Draymond Green, Harrison Barnes, Leandro Barbosa, Stephen Curry",21,56,60,56,67,1923,2025,0,7,-7,102
"21400014","SAC","Carl Landry, Derrick Williams, Nik Stauskas, Omri Casspi, Ramon Sessions",21,62,56,65,56,1956,2008,3,0,3,52
"21400014","GSW","Andre Iguodala, Draymond Green, Leandro Barbosa, Marreese Speights, Stephen Curry",22,56,67,61,73,2025,2141,5,6,-1,116
"21400014","SAC","DeMarcus Cousins, Derrick Williams, Nik Stauskas, Omri Casspi, Ramon Sessions",22,65,56,68,56,2008,2047,3,0,3,39
"21400014","GSW","Andre Iguodala, Leandro Barbosa, Marreese Speights, Shaun Livingston, Stephen Curry",23,61,73,61,73,2141,2141,0,0,0,0
"21400014","SAC","Ben McLemore, DeMarcus Cousins, Derrick Williams, Nik Stauskas, Omri Casspi",23,68,56,70,56,2047,2067,2,0,2,20
"21400014","GSW","Andre Iguodala, Harrison Barnes, Leandro Barbosa, Marreese Speights, Shaun Livingston",24,61,73,65,75,2141,2257,4,2,2,116
"21400014","SAC","Ben McLemore, Darren Collison, DeMarcus Cousins, Nik Stauskas, Omri Casspi",24,70,56,75,65,2067,2214,5,9,-4,147
"21400014","GSW","Harrison Barnes, Klay Thompson, Leandro Barbosa, Marreese Speights, Shaun Livingston",25,65,75,65,75,2257,2361,0,0,0,104
"21400014","SAC","Darren Collison, DeMarcus Cousins, Nik Stauskas, Omri Casspi, Rudy Gay",25,75,65,75,65,2214,2257,0,0,0,43
"21400014","GSW","Andre Iguodala, Harrison Barnes, Klay Thompson, Marreese Speights, Shaun Livingston",26,65,75,65,75,2361,2361,0,0,0,0
"21400014","SAC","Darren Collison, Jason Thompson, Nik Stauskas, Omri Casspi, Rudy Gay",26,75,65,80,69,2257,2506,5,4,1,249
"21400014","GSW","Andre Iguodala, Harrison Barnes, Klay Thompson, Marreese Speights, Stephen Curry",27,65,75,69,80,2361,2506,4,5,-1,145
"21400014","SAC","Ben McLemore, Darren Collison, Jason Thompson, Omri Casspi, Rudy Gay",27,80,69,82,69,2506,2534,2,0,2,28
"21400014","GSW","Andre Iguodala, Draymond Green, Harrison Barnes, Klay Thompson, Stephen Curry",28,69,80,69,82,2506,2534,0,2,-2,28
"21400014","SAC","Ben McLemore, Darren Collison, DeMarcus Cousins, Omri Casspi, Rudy Gay",28,82,69,92,75,2534,2789,10,6,4,255
"21400014","GSW","Andre Iguodala, Andrew Bogut, Draymond Green, Klay Thompson, Stephen Curry",29,69,82,69,82,2534,2534,0,0,0,0
"21400014","SAC","Ben McLemore, Darren Collison, Omri Casspi, Ray McCallum, Rudy Gay",29,92,75,92,75,2789,2789,0,0,0,0
"21400014","GSW","Andre Iguodala, Andrew Bogut, Draymond Green, Klay Thompson, Leandro Barbosa",30,69,82,73,87,2534,2650,4,5,-1,116
"21400014","SAC","Ben McLemore, Darren Collison, Omri Casspi, Ray McCallum, Ryan Hollins",30,92,75,92,75,2789,2789,0,0,0,0
"21400014","GSW","Andre Iguodala, Andrew Bogut, Draymond Green, Klay Thompson, Stephen Curry",31,73,87,77,95,2650,2880,4,8,-4,230
"21400014","SAC","Ben McLemore, Nik Stauskas, Omri Casspi, Ray McCallum, Ryan Hollins",31,92,75,95,77,2789,2880,3,2,1,91
"21400015","OKC","Andre Roberson, Perry Jones III, Russell Westbrook, Serge Ibaka, Steven Adams",0,0,0,11,5,0,195,11,5,6,195
"21400015","POR","Damian Lillard, LaMarcus Aldridge, Nicolas Batum, Robin Lopez, Wesley Matthews",0,0,0,5,11,0,156,5,11,-6,156
"21400015","OKC","Andre Roberson, Lance Thomas, Russell Westbrook, Serge Ibaka, Steven Adams",1,11,5,20,16,195,430,9,11,-2,235
"21400015","POR","Chris Kaman, Damian Lillard, LaMarcus Aldridge, Nicolas Batum, Wesley Matthews",1,5,11,18,26,156,520,13,15,-2,364
"21400015","OKC","Andre Roberson, Kendrick Perkins, Lance Thomas, Russell Westbrook, Serge Ibaka",2,20,16,26,18,430,520,6,2,4,90
"21400015","POR","Chris Kaman, CJ McCollum, Damian Lillard, LaMarcus Aldridge, Nicolas Batum",2,18,26,18,26,520,520,0,0,0,0
"21400015","OKC","Andre Roberson, Kendrick Perkins, Lance Thomas, Nick Collison, Russell Westbrook",3,26,18,26,20,520,538,0,2,-2,18
"21400015","POR","Chris Kaman, CJ McCollum, Joel Freeland, LaMarcus Aldridge, Nicolas Batum",3,18,26,18,26,520,520,0,0,0,0
"21400015","OKC","Andre Roberson, Kendrick Perkins, Lance Thomas, Nick Collison, Sebastian Telfair",4,26,20,34,35,538,831,8,15,-7,293
"21400015","POR","CJ McCollum, Joel Freeland, LaMarcus Aldridge, Nicolas Batum, Steve Blake",4,18,26,25,30,520,631,7,4,3,111
"21400015","OKC","Kendrick Perkins, Lance Thomas, Nick Collison, Perry Jones III, Sebastian Telfair",5,34,35,34,35,831,831,0,0,0,0
"21400015","POR","CJ McCollum, Dorell Wright, Joel Freeland, LaMarcus Aldridge, Steve Blake",5,25,30,29,34,631,720,4,4,0,89
"21400015","OKC","Lance Thomas, Nick Collison, Perry Jones III, Sebastian Telfair, Steven Adams",6,34,35,35,37,831,903,1,2,-1,72
"21400015","POR","Chris Kaman, CJ McCollum, Dorell Wright, Robin Lopez, Steve Blake",6,29,34,37,38,720,921,8,4,4,201
"21400015","OKC","Lance Thomas, Perry Jones III, Sebastian Telfair, Serge Ibaka, Steven Adams",7,35,37,35,37,903,903,0,0,0,0
"21400015","POR","Chris Kaman, Dorell Wright, Robin Lopez, Steve Blake, Wesley Matthews",7,37,38,37,38,921,921,0,0,0,0
"21400015","OKC","Lance Thomas, Perry Jones III, Russell Westbrook, Serge Ibaka, Steven Adams",8,35,37,39,39,903,1007,4,2,2,104
"21400015","POR","Chris Kaman, Damian Lillard, Robin Lopez, Steve Blake, Wesley Matthews",8,37,38,39,39,921,1007,2,1,1,86
"21400015","OKC","Andre Roberson, Perry Jones III, Russell Westbrook, Serge Ibaka, Steven Adams",9,39,39,46,45,1007,1193,7,6,1,186
"21400015","POR","Chris Kaman, Damian Lillard, Nicolas Batum, Robin Lopez, Wesley Matthews",9,39,39,42,41,1007,1127,3,2,1,120
"21400015","OKC","Andre Roberson, Nick Collison, Perry Jones III, Russell Westbrook, Steven Adams",10,46,45,46,47,1193,1211,0,2,-2,18
"21400015","POR","Damian Lillard, LaMarcus Aldridge, Nicolas Batum, Robin Lopez, Wesley Matthews",10,42,41,47,48,1127,1247,5,7,-2,120
"21400015","OKC","Andre Roberson, Kendrick Perkins, Nick Collison, Perry Jones III, Russell Westbrook",11,46,47,54,49,1211,1440,8,2,6,229
"21400015","POR","LaMarcus Aldridge, Nicolas Batum, Robin Lopez, Steve Blake, Wesley Matthews",11,47,48,49,54,1247,1440,2,6,-4,193
"21400015","OKC","Andre Roberson, Perry Jones III, Russell Westbrook, Serge Ibaka, Steven Adams",12,54,49,58,52,1440,1552,4,3,1,112
"21400015","POR","Damian Lillard, LaMarcus Aldridge, Nicolas Batum, Robin Lopez, Wesley Matthews",12,49,54,59,63,1440,1680,10,9,1,240
"21400015","OKC","Lance Thomas, Perry Jones III, Russell Westbrook, Serge Ibaka, Steven Adams",13,58,52,71,65,1552,1858,13,13,0,306
"21400015","POR","LaMarcus Aldridge, Nicolas Batum, Robin Lopez, Steve Blake, Wesley Matthews",13,59,63,65,68,1680,1816,6,5,1,136
"21400015","OKC","Lance Thomas, Nick Collison, Perry Jones III, Russell Westbrook, Steven Adams",14,71,65,73,72,1858,1958,2,7,-5,100
"21400015","POR","Chris Kaman, LaMarcus Aldridge, Nicolas Batum, Steve Blake, Wesley Matthews",14,65,68,72,73,1816,1958,7,5,2,142
"21400015","OKC","Kendrick Perkins, Lance Thomas, Nick Collison, Perry Jones III, Russell Westbrook",15,73,72,73,73,1958,1969,0,1,-1,11
"21400015","POR","Chris Kaman, CJ McCollum, LaMarcus Aldridge, Nicolas Batum, Steve Blake",15,72,73,75,75,1958,2048,3,2,1,90
"21400015","OKC","Kendrick Perkins, Lance Thomas, Nick Collison, Perry Jones III, Sebastian Telfair",16,73,73,77,75,1969,2160,4,2,2,191
"21400015","POR","Chris Kaman, CJ McCollum, Damian Lillard, LaMarcus Aldridge, Nicolas Batum",16,75,75,75,75,2048,2048,0,0,0,0
"21400015","OKC","Andre Roberson, Kendrick Perkins, Lance Thomas, Nick Collison, Sebastian Telfair",17,77,75,77,78,2160,2231,0,3,-3,71
"21400015","POR","Chris Kaman, CJ McCollum, Damian Lillard, LaMarcus Aldridge, Wesley Matthews",17,75,75,75,75,2048,2048,0,0,0,0
"21400015","OKC","Andre Roberson, Kendrick Perkins, Lance Thomas, Sebastian Telfair, Serge Ibaka",18,77,78,79,83,2231,2360,2,5,-3,129
"21400015","POR","Chris Kaman, CJ McCollum, Damian Lillard, Robin Lopez, Wesley Matthews",18,75,75,83,79,2048,2335,8,4,4,287
"21400015","OKC","Andre Roberson, Kendrick Perkins, Lance Thomas, Russell Westbrook, Serge Ibaka",19,79,83,83,93,2360,2563,4,10,-6,203
"21400015","POR","CJ McCollum, Damian Lillard, LaMarcus Aldridge, Robin Lopez, Wesley Matthews",19,83,79,83,79,2335,2360,0,0,0,25
"21400015","OKC","Andre Roberson, Kendrick Perkins, Russell Westbrook, Serge Ibaka, Steven Adams",20,83,93,83,93,2563,2563,0,0,0,0
"21400015","POR","Damian Lillard, LaMarcus Aldridge, Nicolas Batum, Robin Lopez, Wesley Matthews",20,83,79,86,81,2360,2452,3,2,1,92
"21400015","OKC","Andre Roberson, Perry Jones III, Russell Westbrook, Serge Ibaka, Steven Adams",21,83,93,85,101,2563,2715,2,8,-6,152
"21400015","POR","Damian Lillard, LaMarcus Aldridge, Nicolas Batum, Robin Lopez, Steve Blake",21,86,81,95,85,2452,2623,9,4,5,171
"21400015","OKC","Andre Roberson, Nick Collison, Perry Jones III, Russell Westbrook, Steven Adams",22,85,101,85,101,2715,2715,0,0,0,0
"21400015","POR","Damian Lillard, LaMarcus Aldridge, Nicolas Batum, Robin Lopez, Wesley Matthews",22,95,85,101,85,2623,2740,6,0,6,117
"21400015","OKC","Andre Roberson, Nick Collison, Perry Jones III, Sebastian Telfair, Steven Adams",23,85,101,89,103,2715,2832,4,2,2,117
"21400015","POR","CJ McCollum, Damian Lillard, LaMarcus Aldridge, Robin Lopez, Wesley Matthews",23,101,85,101,85,2740,2740,0,0,0,0
"21400015","OKC","Andre Roberson, Lance Thomas, Nick Collison, Perry Jones III, Sebastian Telfair",24,89,103,89,106,2832,2880,0,3,-3,48
"21400015","POR","CJ McCollum, Damian Lillard, Robin Lopez, Wesley Matthews, Will Barton",24,101,85,101,85,2740,2740,0,0,0,0
"21400015","POR","CJ McCollum, Damian Lillard, Joel Freeland, Wesley Matthews, Will Barton",25,101,85,101,85,2740,2740,0,0,0,0
"21400015","POR","Allen Crabbe, CJ McCollum, Damian Lillard, Joel Freeland, Will Barton",26,101,85,101,85,2740,2740,0,0,0,0
"21400015","POR","Allen Crabbe, CJ McCollum, Joel Freeland, Thomas Robinson, Will Barton",27,101,85,106,89,2740,2880,5,4,1,140
"21400016","ORL","Channing Frye, Elfrid Payton, Evan Fournier, Nikola Vucevic, Tobias Harris",0,0,0,14,16,0,420,14,16,-2,420
"21400016","WAS","Garrett Temple, John Wall, Marcin Gortat, Nene, Paul Pierce",0,0,0,14,14,0,380,14,14,0,380
"21400016","ORL","Aaron Gordon, Elfrid Payton, Evan Fournier, Nikola Vucevic, Tobias Harris",1,14,16,24,18,420,565,10,2,8,145
"21400016","WAS","Drew Gooden, Garrett Temple, John Wall, Marcin Gortat, Paul Pierce",1,14,14,16,14,380,420,2,0,2,40
"21400016","ORL","Aaron Gordon, Dewayne Dedmon, Elfrid Payton, Evan Fournier, Tobias Harris",2,24,18,24,18,565,565,0,0,0,0
"21400016","WAS","Drew Gooden, Garrett Temple, John Wall, Marcin Gortat, Otto Porter Jr.",2,16,14,20,26,420,618,4,12,-8,198
"21400016","ORL","Aaron Gordon, Ben Gordon, Dewayne Dedmon, Elfrid Payton, Tobias Harris",3,24,18,24,18,565,565,0,0,0,0
"21400016","WAS","Drew Gooden, Garrett Temple, Glen Rice, Marcin Gortat, Otto Porter Jr.",3,20,26,20,26,618,618,0,0,0,0
"21400016","ORL","Aaron Gordon, Ben Gordon, Dewayne Dedmon, Luke Ridnour, Tobias Harris",4,24,18,28,23,565,720,4,5,-1,155
"21400016","WAS","Andre Miller, Drew Gooden, Garrett Temple, Glen Rice, Otto Porter Jr.",4,20,26,20,26,618,618,0,0,0,0
"21400016","ORL","Aaron Gordon, Ben Gordon, Channing Frye, Luke Ridnour, Nikola Vucevic",5,28,23,35,31,720,965,7,8,-1,245
"21400016","WAS","Andre Miller, Drew Gooden, Glen Rice, Kris Humphries, Otto Porter Jr.",5,20,26,25,30,618,786,5,4,1,168
"21400016","ORL","Aaron Gordon, Channing Frye, Evan Fournier, Luke Ridnour, Nikola Vucevic",6,35,31,35,31,965,1001,0,0,0,36
"21400016","WAS","Andre Miller, Drew Gooden, Glen Rice, Nene, Otto Porter Jr.",6,25,30,31,35,786,965,6,5,1,179
"21400016","ORL","Channing Frye, Evan Fournier, Luke Ridnour, Nikola Vucevic, Willie Green",7,35,31,39,37,1001,1162,4,6,-2,161
"21400016","WAS","Andre Miller, Glen Rice, John Wall, Nene, Otto Porter Jr.",7,31,35,31,35,965,965,0,0,0,0
"21400016","ORL","Evan Fournier, Luke Ridnour, Nikola Vucevic, Tobias Harris, Willie Green",8,39,37,39,37,1162,1162,0,0,0,0
"21400016","WAS","Andre Miller, Glen Rice, John Wall, Marcin Gortat, Nene",8,31,35,31,35,965,965,0,0,0,0
"21400016","ORL","Elfrid Payton, Evan Fournier, Nikola Vucevic, Tobias Harris, Willie Green",9,39,37,41,41,1162,1212,2,4,-2,50
"21400016","WAS","Glen Rice, John Wall, Marcin Gortat, Nene, Paul Pierce",9,31,35,41,41,965,1212,10,6,4,247
"21400016","ORL","Dewayne Dedmon, Elfrid Payton, Evan Fournier, Tobias Harris, Willie Green",10,41,41,41,41,1212,1219,0,0,0,7
"21400016","WAS","Garrett Temple, John Wall, Marcin Gortat, Nene, Paul Pierce",10,41,41,48,47,1212,1359,7,6,1,147
"21400016","ORL","Aaron Gordon, Dewayne Dedmon, Elfrid Payton, Evan Fournier, Tobias Harris",11,41,41,47,48,1219,1359,6,7,-1,140
"21400016","WAS","Drew Gooden, Garrett Temple, John Wall, Marcin Gortat, Paul Pierce",11,48,47,51,49,1359,1400,3,2,1,41
"21400016","ORL","Aaron Gordon, Channing Frye, Elfrid Payton, Evan Fournier, Tobias Harris",12,47,48,54,51,1359,1440,7,3,4,81
"21400016","WAS","Drew Gooden, Garrett Temple, John Wall, Marcin Gortat, Otto Porter Jr.",12,51,49,51,54,1400,1440,0,5,-5,40
"21400016","ORL","Channing Frye, Elfrid Payton, Evan Fournier, Nikola Vucevic, Tobias Harris",13,54,51,67,55,1440,1711,13,4,9,271
"21400016","WAS","Garrett Temple, John Wall, Marcin Gortat, Nene, Paul Pierce",13,51,54,61,76,1440,1956,10,22,-12,516
"21400016","ORL","Ben Gordon, Channing Frye, Elfrid Payton, Nikola Vucevic, Tobias Harris",14,67,55,76,61,1711,1956,9,6,3,245
"21400016","WAS","Drew Gooden, Garrett Temple, John Wall, Marcin Gortat, Nene",14,61,76,61,76,1956,1956,0,0,0,0
"21400016","ORL","Ben Gordon, Dewayne Dedmon, Elfrid Payton, Nikola Vucevic, Tobias Harris",15,76,61,76,61,1956,1956,0,0,0,0
"21400016","WAS","Drew Gooden, Garrett Temple, John Wall, Marcin Gortat, Otto Porter Jr.",15,61,76,66,82,1956,2105,5,6,-1,149
"21400016","ORL","Aaron Gordon, Ben Gordon, Dewayne Dedmon, Elfrid Payton, Tobias Harris",16,76,61,76,61,1956,1956,0,0,0,0
"21400016","WAS","Andre Miller, Drew Gooden, Garrett Temple, Marcin Gortat, Otto Porter Jr.",16,66,82,66,82,2105,2160,0,0,0,55
"21400016","ORL","Aaron Gordon, Ben Gordon, Dewayne Dedmon, Luke Ridnour, Tobias Harris",17,76,61,82,66,1956,2160,6,5,1,204
"21400016","WAS","Andre Miller, Drew Gooden, Glen Rice, Marcin Gortat, Otto Porter Jr.",17,66,82,67,82,2160,2203,1,0,1,43
"21400016","ORL","Andrew Nicholson, Ben Gordon, Evan Fournier, Luke Ridnour, Nikola Vucevic",18,82,66,92,81,2160,2473,10,15,-5,313
"21400016","WAS","Andre Miller, Drew Gooden, Glen Rice, Kevin Seraphin, Otto Porter Jr.",18,67,82,75,84,2203,2319,8,2,6,116
"21400016","ORL","Ben Gordon, Evan Fournier, Luke Ridnour, Nikola Vucevic, Tobias Harris",19,92,81,100,98,2473,2836,8,17,-9,363
"21400016","WAS","Andre Miller, Drew Gooden, Glen Rice, Nene, Otto Porter Jr.",19,75,84,81,90,2319,2434,6,6,0,115
"21400016","ORL","Aaron Gordon, Ben Gordon, Evan Fournier, Nikola Vucevic, Tobias Harris",20,100,98,102,98,2836,2870,2,0,2,34
"21400016","WAS","Drew Gooden, Garrett Temple, Glen Rice, Nene, Otto Porter Jr.",20,81,90,81,90,2434,2434,0,0,0,0
"21400016","ORL","Aaron Gordon, Ben Gordon, Devyn Marble, Nikola Vucevic, Tobias Harris",21,102,98,102,98,2870,2870,0,0,0,0
"21400016","WAS","Drew Gooden, Garrett Temple, Nene, Otto Porter Jr., Paul Pierce",21,81,90,81,90,2434,2434,0,0,0,0
"21400016","ORL","Ben Gordon, Devyn Marble, Nikola Vucevic, Tobias Harris, Willie Green",22,102,98,102,98,2870,2870,0,0,0,0
"21400016","WAS","Drew Gooden, Garrett Temple, John Wall, Nene, Paul Pierce",22,81,90,83,92,2434,2514,2,2,0,80
"21400016","ORL","Devyn Marble, Elfrid Payton, Nikola Vucevic, Tobias Harris, Willie Green",23,102,98,102,98,2870,2870,0,0,0,0
"21400016","WAS","Garrett Temple, John Wall, Marcin Gortat, Nene, Paul Pierce",23,83,92,95,100,2514,2832,12,8,4,318
"21400016","ORL","Aaron Gordon, Devyn Marble, Elfrid Payton, Tobias Harris, Willie Green",24,102,98,104,98,2870,2871,2,0,2,1
"21400016","WAS","Garrett Temple, John Wall, Nene, Otto Porter Jr., Paul Pierce",24,95,100,98,100,2832,2836,3,0,3,4
"21400016","ORL","Aaron Gordon, Dewayne Dedmon, Elfrid Payton, Tobias Harris, Willie Green",25,104,98,104,98,2871,2871,0,0,0,0
"21400016","WAS","Garrett Temple, John Wall, Marcin Gortat, Nene, Paul Pierce",25,98,100,98,102,2836,2870,0,2,-2,34
"21400016","ORL","Aaron Gordon, Dewayne Dedmon, Elfrid Payton, Nikola Vucevic, Tobias Harris",26,104,98,104,98,2871,2871,0,0,0,0
"21400016","WAS","Garrett Temple, John Wall, Marcin Gortat, Otto Porter Jr., Paul Pierce",26,98,102,98,102,2870,2870,0,0,0,0
"21400016","ORL","Aaron Gordon, Dewayne Dedmon, Luke Ridnour, Nikola Vucevic, Tobias Harris",27,104,98,104,98,2871,2871,0,0,0,0
"21400016","WAS","Andre Miller, Garrett Temple, John Wall, Otto Porter Jr., Paul Pierce",27,98,102,98,104,2870,2871,0,2,-2,1
"21400016","ORL","Aaron Gordon, Ben Gordon, Luke Ridnour, Nikola Vucevic, Tobias Harris",28,104,98,105,98,2871,2876,1,0,1,5
"21400016","WAS","Garrett Temple, John Wall, Nene, Otto Porter Jr., Paul Pierce",28,98,104,98,105,2871,2880,0,1,-1,9
"21400016","ORL","Aaron Gordon, Ben Gordon, Dewayne Dedmon, Luke Ridnour, Tobias Harris",29,105,98,105,98,2876,2880,0,0,0,4
"21400017","DET","Andre Drummond, Brandon Jennings, Josh Smith, Kentavious Caldwell-Pope, Kyle Singler",0,0,0,12,11,0,405,12,11,1,405
"21400017","MIN","Andrew Wiggins, Corey Brewer, Nikola Pekovic, Ricky Rubio, Thaddeus Young",0,0,0,11,12,0,442,11,12,-1,442
"21400017","DET","Andre Drummond, Brandon Jennings, Caron Butler, Josh Smith, Kyle Singler",1,12,11,17,19,405,599,5,8,-3,194
"21400017","MIN","Andrew Wiggins, Corey Brewer, Gorgui Dieng, Ricky Rubio, Thaddeus Young",1,11,12,11,12,442,442,0,0,0,0
"21400017","DET","Andre Drummond, Brandon Jennings, Caron Butler, Jonas Jerebko, Kyle Singler",2,17,19,17,19,599,656,0,0,0,57
"21400017","MIN","Corey Brewer, Gorgui Dieng, Kevin Martin, Ricky Rubio, Thaddeus Young",2,11,12,19,17,442,599,8,5,3,157
"21400017","DET","Andre Drummond, Caron Butler, D.J. Augustin, Jonas Jerebko, Kyle Singler",3,17,19,21,21,656,720,4,2,2,64
"21400017","MIN","Gorgui Dieng, Kevin Martin, Ricky Rubio, Shabazz Muhammad, Thaddeus Young",3,19,17,19,17,599,656,0,0,0,57
"21400017","DET","Caron Butler, D.J. Augustin, Joel Anthony, Jonas Jerebko, Kentavious Caldwell-Pope",4,21,21,34,32,720,1020,13,11,2,300
"21400017","MIN","Gorgui Dieng, Kevin Martin, Mo Williams, Shabazz Muhammad, Thaddeus Young",4,19,17,21,21,656,707,2,4,-2,51
"21400017","DET","Caron Butler, D.J. Augustin, Joel Anthony, Josh Smith, Kentavious Caldwell-Pope",5,34,32,35,32,1020,1107,1,0,1,87
"21400017","MIN","Anthony Bennett, Gorgui Dieng, Kevin Martin, Mo Williams, Shabazz Muhammad",5,21,21,32,34,707,1020,11,13,-2,313
"21400017","DET","Andre Drummond, Caron Butler, D.J. Augustin, Josh Smith, Kentavious Caldwell-Pope",6,35,32,35,32,1107,1107,0,0,0,0
"21400017","MIN","Anthony Bennett, Gorgui Dieng, Mo Williams, Shabazz Muhammad, Zach LaVine",6,32,34,32,35,1020,1107,0,1,-1,87
"21400017","DET","Andre Drummond, D.J. Augustin, Josh Smith, Kentavious Caldwell-Pope, Kyle Singler",7,35,32,43,40,1107,1364,8,8,0,257
"21400017","MIN","Anthony Bennett, Mo Williams, Nikola Pekovic, Shabazz Muhammad, Zach LaVine",7,32,35,32,35,1107,1107,0,0,0,0
"21400017","DET","Andre Drummond, Caron Butler, D.J. Augustin, Josh Smith, Kyle Singler",8,43,40,43,40,1364,1364,0,0,0,0
"21400017","MIN","Andrew Wiggins, Anthony Bennett, Mo Williams, Nikola Pekovic, Zach LaVine",8,32,35,36,37,1107,1231,4,2,2,124
"21400017","DET","Andre Drummond, Caron Butler, D.J. Augustin, Jonas Jerebko, Kyle Singler",9,43,40,45,44,1364,1440,2,4,-2,76
"21400017","MIN","Andrew Wiggins, Mo Williams, Nikola Pekovic, Thaddeus Young, Zach LaVine",9,36,37,36,37,1231,1231,0,0,0,0
"21400017","DET","Andre Drummond, Brandon Jennings, Josh Smith, Kentavious Caldwell-Pope, Kyle Singler",10,45,44,58,49,1440,1706,13,5,8,266
"21400017","MIN","Andrew Wiggins, Nikola Pekovic, Ricky Rubio, Thaddeus Young, Zach LaVine",10,36,37,38,37,1231,1294,2,0,2,63
"21400017","DET","Brandon Jennings, Joel Anthony, Josh Smith, Kentavious Caldwell-Pope, Kyle Singler",11,58,49,60,49,1706,1714,2,0,2,8
"21400017","MIN","Andrew Wiggins, Corey Brewer, Nikola Pekovic, Ricky Rubio, Thaddeus Young",11,38,37,51,62,1294,1780,13,25,-12,486
"21400017","DET","D.J. Augustin, Joel Anthony, Josh Smith, Kentavious Caldwell-Pope, Kyle Singler",12,60,49,66,51,1714,1811,6,2,4,97
"21400017","MIN","Andrew Wiggins, Corey Brewer, Mo Williams, Nikola Pekovic, Thaddeus Young",12,51,62,53,70,1780,1955,2,8,-6,175
"21400017","DET","Caron Butler, D.J. Augustin, Joel Anthony, Josh Smith, Kentavious Caldwell-Pope",13,66,51,70,53,1811,1955,4,2,2,144
"21400017","MIN","Andrew Wiggins, Kevin Martin, Mo Williams, Nikola Pekovic, Thaddeus Young",13,53,70,53,70,1955,1955,0,0,0,0
"21400017","DET","Caron Butler, D.J. Augustin, Joel Anthony, Jonas Jerebko, Kentavious Caldwell-Pope",14,70,53,80,70,1955,2320,10,17,-7,365
"21400017","MIN","Andrew Wiggins, Gorgui Dieng, Kevin Martin, Mo Williams, Thaddeus Young",14,53,70,60,75,1955,2093,7,5,2,138
"21400017","DET","Andre Drummond, Caron Butler, D.J. Augustin, Jonas Jerebko, Kentavious Caldwell-Pope",15,80,70,84,79,2320,2542,4,9,-5,222
"21400017","MIN","Gorgui Dieng, Kevin Martin, Mo Williams, Shabazz Muhammad, Thaddeus Young",15,60,75,62,75,2093,2131,2,0,2,38
"21400017","DET","Andre Drummond, Caron Butler, D.J. Augustin, Josh Smith, Kentavious Caldwell-Pope",16,84,79,97,91,2542,2880,13,12,1,338
"21400017","MIN","Anthony Bennett, Gorgui Dieng, Kevin Martin, Mo Williams, Shabazz Muhammad",16,62,75,70,80,2131,2320,8,5,3,189
"21400017","MIN","Anthony Bennett, Corey Brewer, Gorgui Dieng, Kevin Martin, Mo Williams",17,70,80,70,80,2320,2330,0,0,0,10
"21400017","MIN","Anthony Bennett, Corey Brewer, Gorgui Dieng, Kevin Martin, Ricky Rubio",18,70,80,70,80,2330,2330,0,0,0,0
"21400017","MIN","Anthony Bennett, Corey Brewer, Kevin Martin, Nikola Pekovic, Ricky Rubio",19,70,80,77,80,2330,2442,7,0,7,112
"21400017","MIN","Corey Brewer, Kevin Martin, Nikola Pekovic, Ricky Rubio, Thaddeus Young",20,77,80,79,84,2442,2542,2,4,-2,100
"21400017","MIN","Corey Brewer, Mo Williams, Nikola Pekovic, Ricky Rubio, Thaddeus Young",21,79,84,88,91,2542,2816,9,7,2,274
"21400017","MIN","Kevin Martin, Mo Williams, Nikola Pekovic, Ricky Rubio, Thaddeus Young",22,88,91,89,95,2816,2850,1,4,-3,34
"21400017","MIN","Corey Brewer, Mo Williams, Nikola Pekovic, Ricky Rubio, Thaddeus Young",23,89,95,89,95,2850,2851,0,0,0,1
"21400017","MIN","Kevin Martin, Mo Williams, Nikola Pekovic, Ricky Rubio, Thaddeus Young",24,89,95,91,97,2851,2880,2,2,0,29
"21400018","CLE","Anderson Varejao, Dion Waiters, Kevin Love, Kyrie Irving, LeBron James",0,0,0,21,12,0,557,21,12,9,557
"21400018","NYK","Carmelo Anthony, Iman Shumpert, Quincy Acy, Samuel Dalembert, Shane Larkin",0,0,0,8,10,0,269,8,10,-2,269
"21400018","CLE","Dion Waiters, Kevin Love, Kyrie Irving, LeBron James, Tristan Thompson",1,21,12,21,12,557,557,0,0,0,0
"21400018","NYK","Amar'e Stoudemire, Carmelo Anthony, Iman Shumpert, Quincy Acy, Shane Larkin",1,8,10,12,21,269,557,4,11,-7,288
"21400018","CLE","Dion Waiters, Kevin Love, LeBron James, Matthew Dellavedova, Tristan Thompson",2,21,12,21,16,557,630,0,4,-4,73
"21400018","NYK","Amar'e Stoudemire, Carmelo Anthony, Iman Shumpert, Jason Smith, Shane Larkin",2,12,21,12,21,557,557,0,0,0,0
"21400018","CLE","Dion Waiters, Kevin Love, Matthew Dellavedova, Shawn Marion, Tristan Thompson",3,21,16,23,16,630,655,2,0,2,25
"21400018","NYK","Amar'e Stoudemire, Carmelo Anthony, Iman Shumpert, Jason Smith, Pablo Prigioni",3,12,21,12,21,557,557,0,0,0,0
"21400018","CLE","Kevin Love, Kyrie Irving, Matthew Dellavedova, Shawn Marion, Tristan Thompson",4,23,16,25,18,655,720,2,2,0,65
"21400018","NYK","Amar'e Stoudemire, Carmelo Anthony, Jason Smith, JR Smith, Pablo Prigioni",4,12,21,16,21,557,630,4,0,4,73
"21400018","CLE","Anderson Varejao, Kyrie Irving, Matthew Dellavedova, Shawn Marion, Tristan Thompson",5,25,18,31,20,720,825,6,2,4,105
"21400018","NYK","Amar'e Stoudemire, Jason Smith, JR Smith, Pablo Prigioni, Travis Wear",5,16,21,16,23,630,655,0,2,-2,25
"21400018","CLE","Anderson Varejao, Kyrie Irving, LeBron James, Shawn Marion, Tristan Thompson",6,31,20,33,28,825,981,2,8,-6,156
"21400018","NYK","Amar'e Stoudemire, JR Smith, Pablo Prigioni, Samuel Dalembert, Travis Wear",6,16,23,16,23,655,671,0,0,0,16
"21400018","CLE","Anderson Varejao, Dion Waiters, Kyrie Irving, LeBron James, Shawn Marion",7,33,28,33,28,981,981,0,0,0,0
"21400018","NYK","Amar'e Stoudemire, Pablo Prigioni, Samuel Dalembert, Tim Hardaway Jr., Travis Wear",7,16,23,18,25,671,720,2,2,0,49
"21400018","CLE","Anderson Varejao, Dion Waiters, Kevin Love, Kyrie Irving, LeBron James",8,33,28,38,35,981,1246,5,7,-2,265
"21400018","NYK","Amar'e Stoudemire, Cole Aldrich, Pablo Prigioni, Tim Hardaway Jr., Travis Wear",8,18,25,22,31,720,887,4,6,-2,167
"21400018","CLE","Dion Waiters, Kevin Love, Kyrie Irving, LeBron James, Tristan Thompson",9,38,35,44,42,1246,1440,6,7,-1,194
"21400018","NYK","Cole Aldrich, Pablo Prigioni, Quincy Acy, Tim Hardaway Jr., Travis Wear",9,22,31,22,33,887,908,0,2,-2,21
"21400018","CLE","Anderson Varejao, Dion Waiters, Kevin Love, Kyrie Irving, LeBron James",10,44,42,46,51,1440,1671,2,9,-7,231
"21400018","NYK","Carmelo Anthony, Cole Aldrich, Pablo Prigioni, Quincy Acy, Tim Hardaway Jr.",10,22,33,26,33,908,956,4,0,4,48
"21400018","CLE","Dion Waiters, Kevin Love, Kyrie Irving, LeBron James, Tristan Thompson",11,46,51,46,51,1671,1671,0,0,0,0
"21400018","NYK","Carmelo Anthony, Cole Aldrich, JR Smith, Pablo Prigioni, Quincy Acy",11,26,33,28,33,956,981,2,0,2,25
"21400018","CLE","Kevin Love, Kyrie Irving, LeBron James, Matthew Dellavedova, Tristan Thompson",12,46,51,57,63,1671,1970,11,12,-1,299
"21400018","NYK","Carmelo Anthony, Cole Aldrich, JR Smith, Quincy Acy, Shane Larkin",12,28,33,32,38,981,1148,4,5,-1,167
"21400018","CLE","Dion Waiters, Kevin Love, LeBron James, Matthew Dellavedova, Tristan Thompson",13,57,63,62,67,1970,2076,5,4,1,106
"21400018","NYK","Carmelo Anthony, Cole Aldrich, JR Smith, Shane Larkin, Travis Wear",13,32,38,35,38,1148,1246,3,0,3,98
"21400018","CLE","Dion Waiters, LeBron James, Matthew Dellavedova, Mike Miller, Tristan Thompson",14,62,67,64,67,2076,2160,2,0,2,84
"21400018","NYK","Carmelo Anthony, Cole Aldrich, JR Smith, Quincy Acy, Shane Larkin",14,35,38,35,38,1246,1246,0,0,0,0
"21400018","CLE","Dion Waiters, Kyrie Irving, Mike Miller, Shawn Marion, Tristan Thompson",15,64,67,68,69,2160,2235,4,2,2,75
"21400018","NYK","Amar'e Stoudemire, Carmelo Anthony, JR Smith, Quincy Acy, Shane Larkin",15,35,38,35,38,1246,1246,0,0,0,0
"21400018","CLE","Anderson Varejao, Dion Waiters, Kyrie Irving, Mike Miller, Shawn Marion",16,68,69,68,69,2235,2251,0,0,0,16
"21400018","NYK","Amar'e Stoudemire, JR Smith, Quincy Acy, Shane Larkin, Travis Wear",16,35,38,40,40,1246,1351,5,2,3,105
"21400018","CLE","Anderson Varejao, Dion Waiters, Kyrie Irving, LeBron James, Shawn Marion",17,68,69,71,75,2251,2413,3,6,-3,162
"21400018","NYK","Amar'e Stoudemire, Jason Smith, JR Smith, Shane Larkin, Travis Wear",17,40,40,42,42,1351,1433,2,2,0,82
"21400018","CLE","Anderson Varejao, Dion Waiters, Kevin Love, Kyrie Irving, LeBron James",18,71,75,73,80,2413,2558,2,5,-3,145
"21400018","NYK","Amar'e Stoudemire, Jason Smith, JR Smith, Pablo Prigioni, Travis Wear",18,42,42,42,44,1433,1440,0,2,-2,7
"21400018","CLE","Dion Waiters, Kevin Love, Kyrie Irving, LeBron James, Matthew Dellavedova",19,73,80,90,95,2558,2880,17,15,2,322
"21400018","NYK","Carmelo Anthony, Iman Shumpert, Jason Smith, Quincy Acy, Shane Larkin",19,42,44,44,44,1440,1540,2,0,2,100
"21400018","NYK","Carmelo Anthony, Iman Shumpert, Jason Smith, Shane Larkin, Travis Wear",20,44,44,51,46,1540,1671,7,2,5,131
"21400018","NYK","Amar'e Stoudemire, Carmelo Anthony, Iman Shumpert, Jason Smith, Shane Larkin",21,51,46,53,51,1671,1764,2,5,-3,93
"21400018","NYK","Amar'e Stoudemire, Carmelo Anthony, Iman Shumpert, Jason Smith, Pablo Prigioni",22,53,51,63,57,1764,1970,10,6,4,206
"21400018","NYK","Amar'e Stoudemire, Carmelo Anthony, Jason Smith, JR Smith, Pablo Prigioni",23,63,57,67,62,1970,2076,4,5,-1,106
"21400018","NYK","Amar'e Stoudemire, Carmelo Anthony, JR Smith, Pablo Prigioni, Travis Wear",24,67,62,67,62,2076,2138,0,0,0,62
"21400018","NYK","Amar'e Stoudemire, Iman Shumpert, JR Smith, Pablo Prigioni, Travis Wear",25,67,62,67,64,2138,2160,0,2,-2,22
"21400018","NYK","Amar'e Stoudemire, Iman Shumpert, JR Smith, Quincy Acy, Shane Larkin",26,67,64,69,68,2160,2235,2,4,-2,75
"21400018","NYK","Cole Aldrich, Iman Shumpert, JR Smith, Quincy Acy, Shane Larkin",27,69,68,73,71,2235,2354,4,3,1,119
"21400018","NYK","Cole Aldrich, Iman Shumpert, JR Smith, Pablo Prigioni, Quincy Acy",28,73,71,77,71,2354,2484,4,0,4,130
"21400018","NYK","Cole Aldrich, Iman Shumpert, Jason Smith, JR Smith, Pablo Prigioni",29,77,71,77,71,2484,2486,0,0,0,2
"21400018","NYK","Carmelo Anthony, Cole Aldrich, Jason Smith, JR Smith, Pablo Prigioni",30,77,71,80,71,2486,2545,3,0,3,59
"21400018","NYK","Carmelo Anthony, Cole Aldrich, JR Smith, Pablo Prigioni, Quincy Acy",31,80,71,80,71,2545,2545,0,0,0,0
"21400018","NYK","Carmelo Anthony, Cole Aldrich, Jason Smith, JR Smith, Pablo Prigioni",32,80,71,80,73,2545,2558,0,2,-2,13
"21400018","NYK","Carmelo Anthony, Iman Shumpert, Jason Smith, JR Smith, Pablo Prigioni",33,80,73,82,73,2558,2576,2,0,2,18
"21400018","NYK","Carmelo Anthony, Iman Shumpert, Jason Smith, JR Smith, Shane Larkin",34,82,73,82,77,2576,2606,0,4,-4,30
"21400018","NYK","Amar'e Stoudemire, Carmelo Anthony, Iman Shumpert, JR Smith, Shane Larkin",35,82,77,86,77,2606,2693,4,0,4,87
"21400018","NYK","Carmelo Anthony, Iman Shumpert, Jason Smith, JR Smith, Shane Larkin",36,86,77,88,83,2693,2742,2,6,-4,49
"21400018","NYK","Carmelo Anthony, Iman Shumpert, Jason Smith, JR Smith, Pablo Prigioni",37,88,83,95,90,2742,2880,7,7,0,138
"21400019","DAL","Chandler Parsons, Dirk Nowitzki, Jameer Nelson, Monta Ellis, Tyson Chandler",0,0,0,13,24,0,378,13,24,-11,378
"21400019","UTA","Alec Burks, Derrick Favors, Enes Kanter, Gordon Hayward, Trey Burke",0,0,0,18,11,0,255,18,11,7,255
"21400019","DAL","Al-Farouq Aminu, Chandler Parsons, Jameer Nelson, Monta Ellis, Tyson Chandler",1,13,24,15,24,378,410,2,0,2,32
"21400019","UTA","Alec Burks, Derrick Favors, Gordon Hayward, Trevor Booker, Trey Burke",1,18,11,20,11,255,289,2,0,2,34
"21400019","DAL","Al-Farouq Aminu, Chandler Parsons, Devin Harris, Monta Ellis, Tyson Chandler",2,15,24,15,24,410,410,0,0,0,0
"21400019","UTA","Derrick Favors, Gordon Hayward, Rodney Hood, Trevor Booker, Trey Burke",2,20,11,20,11,289,289,0,0,0,0
"21400019","DAL","Al-Farouq Aminu, Brandan Wright, Chandler Parsons, Devin Harris, Monta Ellis",3,15,24,20,32,410,627,5,8,-3,217
"21400019","UTA","Derrick Favors, Enes Kanter, Gordon Hayward, Rodney Hood, Trey Burke",3,20,11,24,15,289,394,4,4,0,105
"21400019","DAL","Al-Farouq Aminu, Brandan Wright, Devin Harris, J.J. Barea, Monta Ellis",4,20,32,20,32,627,627,0,0,0,0
"21400019","UTA","Derrick Favors, Gordon Hayward, Rodney Hood, Trevor Booker, Trey Burke",4,24,15,28,20,394,537,4,5,-1,143
"21400019","DAL","Al-Farouq Aminu, Brandan Wright, Devin Harris, Dirk Nowitzki, J.J. Barea",5,20,32,20,32,627,627,0,0,0,0
"21400019","UTA","Gordon Hayward, Rodney Hood, Rudy Gobert, Trevor Booker, Trey Burke",5,28,20,32,20,537,627,4,0,4,90
"21400019","DAL","Brandan Wright, Devin Harris, Dirk Nowitzki, J.J. Barea, Richard Jefferson",6,20,32,20,34,627,698,0,2,-2,71
"21400019","UTA","Dante Exum, Gordon Hayward, Rodney Hood, Rudy Gobert, Trevor Booker",6,32,20,36,20,627,720,4,0,4,93
"21400019","DAL","Al-Farouq Aminu, Brandan Wright, Devin Harris, J.J. Barea, Richard Jefferson",7,20,34,20,36,698,720,0,2,-2,22
"21400019","UTA","Alec Burks, Dante Exum, Rodney Hood, Rudy Gobert, Trevor Booker",7,36,20,36,20,720,756,0,0,0,36
"21400019","DAL","Brandan Wright, Devin Harris, Dirk Nowitzki, J.J. Barea, Richard Jefferson",8,20,36,28,49,720,1038,8,13,-5,318
"21400019","UTA","Alec Burks, Dante Exum, Joe Ingles, Rudy Gobert, Trevor Booker",8,36,20,41,22,756,872,5,2,3,116
"21400019","DAL","Brandan Wright, Chandler Parsons, Devin Harris, J.J. Barea, Richard Jefferson",9,28,49,28,49,1038,1038,0,0,0,0
"21400019","UTA","Dante Exum, Gordon Hayward, Joe Ingles, Rudy Gobert, Trevor Booker",9,41,22,43,22,872,890,2,0,2,18
"21400019","DAL","Brandan Wright, Chandler Parsons, J.J. Barea, Richard Jefferson, Tyson Chandler",10,28,49,28,49,1038,1038,0,0,0,0
"21400019","UTA","Dante Exum, Derrick Favors, Gordon Hayward, Joe Ingles, Trevor Booker",10,43,22,45,24,890,939,2,2,0,49
"21400019","DAL","Chandler Parsons, J.J. Barea, Monta Ellis, Richard Jefferson, Tyson Chandler",11,28,49,28,49,1038,1038,0,0,0,0
"21400019","UTA","Dante Exum, Derrick Favors, Enes Kanter, Gordon Hayward, Joe Ingles",11,45,24,49,28,939,1038,4,4,0,99
"21400019","DAL","Chandler Parsons, Jameer Nelson, Monta Ellis, Richard Jefferson, Tyson Chandler",12,28,49,30,52,1038,1075,2,3,-1,37
"21400019","UTA","Dante Exum, Derrick Favors, Gordon Hayward, Joe Ingles, Trey Burke",12,49,28,52,30,1038,1075,3,2,1,37
"21400019","DAL","Chandler Parsons, Jae Crowder, Jameer Nelson, Monta Ellis, Tyson Chandler",13,30,52,35,58,1075,1192,5,6,-1,117
"21400019","UTA","Derrick Favors, Gordon Hayward, Ian Clark, Joe Ingles, Trey Burke",13,52,30,58,35,1075,1192,6,5,1,117
"21400019","DAL","Chandler Parsons, Devin Harris, Jae Crowder, Monta Ellis, Tyson Chandler",14,35,58,38,66,1192,1337,3,8,-5,145
"21400019","UTA","Derrick Favors, Gordon Hayward, Ian Clark, Rodney Hood, Trey Burke",14,58,35,58,35,1192,1192,0,0,0,0
"21400019","DAL","Al-Farouq Aminu, Devin Harris, Jae Crowder, Monta Ellis, Tyson Chandler",15,38,66,44,69,1337,1440,6,3,3,103
"21400019","UTA","Derrick Favors, Gordon Hayward, Rodney Hood, Steve Novak, Trey Burke",15,58,35,66,38,1192,1337,8,3,5,145
"21400019","DAL","Chandler Parsons, Dirk Nowitzki, Jameer Nelson, Monta Ellis, Tyson Chandler",16,44,69,58,78,1440,1761,14,9,5,321
"21400019","UTA","Dante Exum, Derrick Favors, Rodney Hood, Steve Novak, Trey Burke",16,66,38,66,38,1337,1337,0,0,0,0
"21400019","DAL","Al-Farouq Aminu, Chandler Parsons, Jameer Nelson, Monta Ellis, Tyson Chandler",17,58,78,68,82,1761,1905,10,4,6,144
"21400019","UTA","Dante Exum, Rodney Hood, Rudy Gobert, Steve Novak, Trey Burke",17,66,38,69,44,1337,1440,3,6,-3,103
"21400019","DAL","Al-Farouq Aminu, Chandler Parsons, Devin Harris, Monta Ellis, Tyson Chandler",18,68,82,68,82,1905,1905,0,0,0,0
"21400019","UTA","Alec Burks, Derrick Favors, Enes Kanter, Gordon Hayward, Trey Burke",18,69,44,78,58,1440,1761,9,14,-5,321
"21400019","DAL","Al-Farouq Aminu, Devin Harris, Monta Ellis, Richard Jefferson, Tyson Chandler",19,68,82,68,82,1905,1905,0,0,0,0
"21400019","UTA","Alec Burks, Derrick Favors, Gordon Hayward, Trevor Booker, Trey Burke",19,78,58,82,68,1761,1905,4,10,-6,144
"21400019","DAL","Al-Farouq Aminu, Brandan Wright, Devin Harris, Monta Ellis, Richard Jefferson",20,68,82,68,84,1905,1948,0,2,-2,43
"21400019","UTA","Alec Burks, Derrick Favors, Rodney Hood, Trevor Booker, Trey Burke",20,82,68,84,68,1905,1948,2,0,2,43
"21400019","DAL","Al-Farouq Aminu, Brandan Wright, Devin Harris, J.J. Barea, Richard Jefferson",21,68,84,73,93,1948,2160,5,9,-4,212
"21400019","UTA","Alec Burks, Rodney Hood, Steve Novak, Trevor Booker, Trey Burke",21,84,68,84,68,1948,1948,0,0,0,0
"21400019","DAL","Brandan Wright, Devin Harris, Dirk Nowitzki, J.J. Barea, Richard Jefferson",22,73,93,79,102,2160,2390,6,9,-3,230
"21400019","UTA","Alec Burks, Dante Exum, Steve Novak, Trevor Booker, Trey Burke",22,84,68,86,68,1948,1993,2,0,2,45
"21400019","DAL","Brandan Wright, Chandler Parsons, Devin Harris, Dirk Nowitzki, J.J. Barea",23,79,102,86,105,2390,2483,7,3,4,93
"21400019","UTA","Alec Burks, Dante Exum, Rudy Gobert, Steve Novak, Trey Burke",23,86,68,93,73,1993,2115,7,5,2,122
"21400019","DAL","Brandan Wright, Chandler Parsons, Devin Harris, J.J. Barea, Tyson Chandler",24,86,105,86,105,2483,2483,0,0,0,0
"21400019","UTA","Alec Burks, Dante Exum, Derrick Favors, Steve Novak, Trey Burke",24,93,73,93,73,2115,2160,0,0,0,45
"21400019","DAL","Al-Farouq Aminu, Brandan Wright, Chandler Parsons, J.J. Barea, Tyson Chandler",25,86,105,86,105,2483,2483,0,0,0,0
"21400019","UTA","Dante Exum, Derrick Favors, Gordon Hayward, Joe Ingles, Trevor Booker",25,93,73,102,79,2160,2390,9,6,3,230
"21400019","DAL","Al-Farouq Aminu, Chandler Parsons, J.J. Barea, Monta Ellis, Tyson Chandler",26,86,105,86,105,2483,2483,0,0,0,0
"21400019","UTA","Alec Burks, Derrick Favors, Gordon Hayward, Joe Ingles, Trevor Booker",26,102,79,102,79,2390,2390,0,0,0,0
"21400019","DAL","Al-Farouq Aminu, Chandler Parsons, Jameer Nelson, Monta Ellis, Tyson Chandler",27,86,105,96,113,2483,2708,10,8,2,225
"21400019","UTA","Alec Burks, Derrick Favors, Gordon Hayward, Trevor Booker, Trey Burke",27,102,79,105,86,2390,2483,3,7,-4,93
"21400019","DAL","Al-Farouq Aminu, Chandler Parsons, Greg Smith, Jameer Nelson, Monta Ellis",28,96,113,96,113,2708,2708,0,0,0,0
"21400019","UTA","Alec Burks, Derrick Favors, Enes Kanter, Gordon Hayward, Trey Burke",28,105,86,111,90,2483,2640,6,4,2,157
"21400019","DAL","Al-Farouq Aminu, Chandler Parsons, Greg Smith, J.J. Barea, Jameer Nelson",29,96,113,96,113,2708,2708,0,0,0,0
"21400019","UTA","Alec Burks, Derrick Favors, Enes Kanter, Rodney Hood, Trey Burke",29,111,90,113,96,2640,2708,2,6,-4,68
"21400019","DAL","Al-Farouq Aminu, Chandler Parsons, Greg Smith, J.J. Barea, Jae Crowder",30,96,113,96,115,2708,2745,0,2,-2,37
"21400019","UTA","Alec Burks, Enes Kanter, Rodney Hood, Rudy Gobert, Trey Burke",30,113,96,113,96,2708,2708,0,0,0,0
"21400019","DAL","Al-Farouq Aminu, Charlie Villanueva, Greg Smith, J.J. Barea, Jae Crowder",31,96,115,102,120,2745,2880,6,5,1,135
"21400019","UTA","Alec Burks, Dante Exum, Enes Kanter, Rodney Hood, Rudy Gobert",31,113,96,115,100,2708,2786,2,4,-2,78
"21400019","UTA","Dante Exum, Enes Kanter, Ian Clark, Rodney Hood, Rudy Gobert",32,115,100,120,102,2786,2880,5,2,3,94
"21400020","LAC","Blake Griffin, Chris Paul, DeAndre Jordan, JJ Redick, Matt Barnes",0,0,0,11,17,0,382,11,17,-6,382
"21400020","OKC","Andre Roberson, Perry Jones III, Russell Westbrook, Serge Ibaka, Steven Adams",0,0,0,14,11,0,328,14,11,3,328
"21400020","LAC","Blake Griffin, Chris Paul, JJ Redick, Matt Barnes, Spencer Hawes",1,11,17,16,22,382,508,5,5,0,126
"21400020","OKC","Andre Roberson, Perry Jones III, Sebastian Telfair, Serge Ibaka, Steven Adams",1,14,11,22,18,328,534,8,7,1,206
"21400020","LAC","Blake Griffin, Chris Paul, Jamal Crawford, Matt Barnes, Spencer Hawes",2,16,22,16,22,508,508,0,0,0,0
"21400020","OKC","Andre Roberson, Nick Collison, Perry Jones III, Sebastian Telfair, Steven Adams",2,22,18,22,20,534,571,0,2,-2,37
"21400020","LAC","Chris Paul, Ekpe Udoh, Jamal Crawford, Matt Barnes, Spencer Hawes",3,16,22,19,22,508,564,3,0,3,56
"21400020","OKC","Andre Roberson, Kendrick Perkins, Nick Collison, Perry Jones III, Sebastian Telfair",3,22,20,26,20,571,609,4,0,4,38
"21400020","LAC","Chris Douglas-Roberts, Chris Paul, Ekpe Udoh, Jamal Crawford, Spencer Hawes",4,19,22,20,24,564,586,1,2,-1,22
"21400020","OKC","Kendrick Perkins, Lance Thomas, Nick Collison, Perry Jones III, Sebastian Telfair",4,26,20,30,26,609,850,4,6,-2,241
"21400020","LAC","Chris Douglas-Roberts, Ekpe Udoh, Jamal Crawford, Jordan Farmar, Spencer Hawes",5,20,24,22,28,586,720,2,4,-2,134
"21400020","OKC","Kendrick Perkins, Lance Thomas, Nick Collison, Perry Jones III, Russell Westbrook",5,30,26,30,26,850,850,0,0,0,0
"21400020","LAC","Chris Douglas-Roberts, DeAndre Jordan, Jamal Crawford, Jordan Farmar, Spencer Hawes",6,22,28,31,32,720,916,9,4,5,196
"21400020","OKC","Andre Roberson, Kendrick Perkins, Lance Thomas, Nick Collison, Russell Westbrook",6,30,26,34,36,850,1013,4,10,-6,163
"21400020","LAC","Blake Griffin, Chris Douglas-Roberts, DeAndre Jordan, Jamal Crawford, Jordan Farmar",7,31,32,31,32,916,957,0,0,0,41
"21400020","OKC","Andre Roberson, Kendrick Perkins, Lance Thomas, Russell Westbrook, Serge Ibaka",7,34,36,34,36,1013,1045,0,0,0,32
"21400020","LAC","Blake Griffin, Chris Douglas-Roberts, Chris Paul, DeAndre Jordan, Jamal Crawford",8,31,32,36,34,957,1013,5,2,3,56
"21400020","OKC","Andre Roberson, Kendrick Perkins, Lance Thomas, Perry Jones III, Serge Ibaka",8,34,36,34,36,1045,1045,0,0,0,0
"21400020","LAC","Blake Griffin, Chris Paul, DeAndre Jordan, Jamal Crawford, Matt Barnes",9,36,34,36,34,1013,1045,0,0,0,32
"21400020","OKC","Andre Roberson, Kendrick Perkins, Perry Jones III, Sebastian Telfair, Serge Ibaka",9,34,36,34,36,1045,1172,0,0,0,127
"21400020","LAC","Blake Griffin, Chris Paul, DeAndre Jordan, JJ Redick, Matt Barnes",10,36,34,55,52,1045,1783,19,18,1,738
"21400020","OKC","Andre Roberson, Perry Jones III, Sebastian Telfair, Serge Ibaka, Steven Adams",10,34,36,34,36,1172,1222,0,0,0,50
"21400020","LAC","Blake Griffin, Chris Paul, DeAndre Jordan, Jamal Crawford, Matt Barnes",11,55,52,65,58,1783,1999,10,6,4,216
"21400020","OKC","Lance Thomas, Perry Jones III, Sebastian Telfair, Serge Ibaka, Steven Adams",11,34,36,41,46,1222,1440,7,10,-3,218
"21400020","LAC","Chris Paul, DeAndre Jordan, Jamal Crawford, Matt Barnes, Spencer Hawes",12,65,58,65,58,1999,2020,0,0,0,21
"21400020","OKC","Andre Roberson, Perry Jones III, Sebastian Telfair, Serge Ibaka, Steven Adams",12,41,46,56,60,1440,1900,15,14,1,460
"21400020","LAC","Chris Douglas-Roberts, Chris Paul, DeAndre Jordan, Jamal Crawford, Spencer Hawes",13,65,58,65,60,2020,2064,0,2,-2,44
"21400020","OKC","Andre Roberson, Kendrick Perkins, Perry Jones III, Sebastian Telfair, Serge Ibaka",13,56,60,58,65,1900,1999,2,5,-3,99
"21400020","LAC","Chris Douglas-Roberts, DeAndre Jordan, Jamal Crawford, Jordan Farmar, Spencer Hawes",14,65,60,70,62,2064,2160,5,2,3,96
"21400020","OKC","Andre Roberson, Kendrick Perkins, Nick Collison, Perry Jones III, Sebastian Telfair",14,58,65,60,65,1999,2064,2,0,2,65
"21400020","LAC","Blake Griffin, Chris Douglas-Roberts, Jamal Crawford, Jordan Farmar, Spencer Hawes",15,70,62,72,67,2160,2317,2,5,-3,157
"21400020","OKC","Andre Roberson, Kendrick Perkins, Lance Thomas, Nick Collison, Perry Jones III",15,60,65,62,70,2064,2160,2,5,-3,96
"21400020","LAC","Blake Griffin, Jamal Crawford, JJ Redick, Jordan Farmar, Spencer Hawes",16,72,67,72,67,2317,2317,0,0,0,0
"21400020","OKC","Andre Roberson, Kendrick Perkins, Lance Thomas, Nick Collison, Sebastian Telfair",16,62,70,67,75,2160,2343,5,5,0,183
"21400020","LAC","Blake Griffin, Chris Paul, Jamal Crawford, JJ Redick, Spencer Hawes",17,72,67,82,74,2317,2499,10,7,3,182
"21400020","OKC","Kendrick Perkins, Lance Thomas, Nick Collison, Perry Jones III, Sebastian Telfair",17,67,75,74,80,2343,2436,7,5,2,93
"21400020","LAC","Blake Griffin, Chris Paul, DeAndre Jordan, Jamal Crawford, JJ Redick",18,82,74,89,82,2499,2680,7,8,-1,181
"21400020","OKC","Lance Thomas, Nick Collison, Perry Jones III, Sebastian Telfair, Steven Adams",18,74,80,74,80,2436,2436,0,0,0,0
"21400020","LAC","Blake Griffin, Chris Paul, Jamal Crawford, JJ Redick, Spencer Hawes",19,89,82,89,85,2680,2761,0,3,-3,81
"21400020","OKC","Lance Thomas, Perry Jones III, Sebastian Telfair, Serge Ibaka, Steven Adams",19,74,80,74,84,2436,2531,0,4,-4,95
"21400020","LAC","Blake Griffin, Chris Paul, DeAndre Jordan, Jamal Crawford, JJ Redick",20,89,85,89,88,2761,2842,0,3,-3,81
"21400020","OKC","Andre Roberson, Perry Jones III, Sebastian Telfair, Serge Ibaka, Steven Adams",20,74,84,88,91,2531,2875,14,7,7,344
"21400020","LAC","Blake Griffin, Chris Paul, DeAndre Jordan, Jamal Crawford, Matt Barnes",21,89,88,91,90,2842,2876,2,2,0,34
"21400020","OKC","Andre Roberson, Nick Collison, Perry Jones III, Serge Ibaka, Steven Adams",21,88,91,88,91,2875,2875,0,0,0,0
"21400020","LAC","Blake Griffin, Chris Paul, DeAndre Jordan, Matt Barnes, Spencer Hawes",22,91,90,91,90,2876,2876,0,0,0,0
"21400020","OKC","Nick Collison, Perry Jones III, Sebastian Telfair, Serge Ibaka, Steven Adams",22,88,91,90,91,2875,2876,2,0,2,1
"21400020","LAC","Chris Paul, DeAndre Jordan, JJ Redick, Matt Barnes, Spencer Hawes",23,91,90,91,90,2876,2876,0,0,0,0
"21400020","OKC","Andre Roberson, Nick Collison, Perry Jones III, Serge Ibaka, Steven Adams",23,90,91,90,91,2876,2876,0,0,0,0
"21400020","LAC","Chris Paul, Jamal Crawford, JJ Redick, Matt Barnes, Spencer Hawes",24,91,90,93,90,2876,2880,2,0,2,4
"21400020","OKC","Andre Roberson, Perry Jones III, Sebastian Telfair, Serge Ibaka, Steven Adams",24,90,91,90,93,2876,2880,0,2,-2,4
"21400021","IND","CJ Miles, Donald Sloan, Luis Scola, Roy Hibbert, Solomon Hill",0,0,0,7,10,0,281,7,10,-3,281
"21400021","MEM","Courtney Lee, Marc Gasol, Mike Conley, Tony Allen, Zach Randolph",0,0,0,10,7,0,281,10,7,3,281
"21400021","IND","CJ Miles, Donald Sloan, Ian Mahinmi, Luis Scola, Solomon Hill",1,7,10,7,13,281,412,0,3,-3,131
"21400021","MEM","Courtney Lee, Kosta Koufos, Mike Conley, Tony Allen, Zach Randolph",1,10,7,12,7,281,370,2,0,2,89
"21400021","IND","Chris Copeland, CJ Miles, Donald Sloan, Ian Mahinmi, Luis Scola",2,7,13,12,21,412,612,5,8,-3,200
"21400021","MEM","Beno Udrih, Courtney Lee, Kosta Koufos, Tony Allen, Zach Randolph",2,12,7,13,7,370,412,1,0,1,42
"21400021","IND","Chris Copeland, CJ Miles, Donald Sloan, Ian Mahinmi, Lavoy Allen",3,12,21,19,23,612,720,7,2,5,108
"21400021","MEM","Beno Udrih, Courtney Lee, Kosta Koufos, Quincy Pondexter, Zach Randolph",3,13,7,15,10,412,466,2,3,-1,54
"21400021","IND","Chris Copeland, Damjan Rudez, Ian Mahinmi, Lavoy Allen, Rodney Stuckey",4,19,23,37,28,720,1066,18,5,13,346
"21400021","MEM","Beno Udrih, Courtney Lee, Jon Leuer, Kosta Koufos, Quincy Pondexter",4,15,10,21,12,466,612,6,2,4,146
"21400021","IND","Chris Copeland, Damjan Rudez, Donald Sloan, Ian Mahinmi, Lavoy Allen",5,37,28,37,30,1066,1114,0,2,-2,48
"21400021","MEM","Beno Udrih, Courtney Lee, Jon Leuer, Marc Gasol, Quincy Pondexter",5,21,12,23,17,612,712,2,5,-3,100
"21400021","IND","Chris Copeland, Damjan Rudez, Donald Sloan, Lavoy Allen, Roy Hibbert",6,37,30,42,32,1114,1172,5,2,3,58
"21400021","MEM","Beno Udrih, Courtney Lee, Marc Gasol, Quincy Pondexter, Tony Allen",6,23,17,23,19,712,720,0,2,-2,8
"21400021","IND","Damjan Rudez, Donald Sloan, Lavoy Allen, Roy Hibbert, Solomon Hill",7,42,32,51,45,1172,1425,9,13,-4,253
"21400021","MEM","Beno Udrih, Courtney Lee, Jon Leuer, Marc Gasol, Quincy Pondexter",7,23,19,23,19,720,720,0,0,0,0
"21400021","IND","Damjan Rudez, Donald Sloan, Lavoy Allen, Rodney Stuckey, Roy Hibbert",8,51,45,51,45,1425,1425,0,0,0,0
"21400021","MEM","Jon Leuer, Marc Gasol, Mike Conley, Quincy Pondexter, Vince Carter",8,23,19,28,30,720,952,5,11,-6,232
"21400021","IND","Chris Copeland, Damjan Rudez, Donald Sloan, Rodney Stuckey, Roy Hibbert",9,51,45,53,45,1425,1440,2,0,2,15
"21400021","MEM","Kosta Koufos, Marc Gasol, Mike Conley, Quincy Pondexter, Vince Carter",9,28,30,28,37,952,1066,0,7,-7,114
"21400021","IND","CJ Miles, Donald Sloan, Luis Scola, Roy Hibbert, Solomon Hill",10,53,45,61,60,1440,1783,8,15,-7,343
"21400021","MEM","Courtney Lee, Marc Gasol, Mike Conley, Quincy Pondexter, Vince Carter",10,28,37,28,37,1066,1066,0,0,0,0
"21400021","IND","Chris Copeland, CJ Miles, Donald Sloan, Luis Scola, Roy Hibbert",11,61,60,63,69,1783,1941,2,9,-7,158
"21400021","MEM","Courtney Lee, Marc Gasol, Mike Conley, Tony Allen, Vince Carter",11,28,37,28,37,1066,1066,0,0,0,0
"21400021","IND","Chris Copeland, CJ Miles, Donald Sloan, Rodney Stuckey, Roy Hibbert",12,63,69,63,69,1941,1941,0,0,0,0
"21400021","MEM","Courtney Lee, Marc Gasol, Mike Conley, Tony Allen, Zach Randolph",12,28,37,30,37,1066,1114,2,0,2,48
"21400021","IND","Chris Copeland, CJ Miles, Donald Sloan, Lavoy Allen, Rodney Stuckey",13,63,69,63,69,1941,1941,0,0,0,0
"21400021","MEM","Courtney Lee, Kosta Koufos, Mike Conley, Tony Allen, Zach Randolph",13,30,37,32,42,1114,1188,2,5,-3,74
"21400021","IND","Chris Copeland, CJ Miles, Ian Mahinmi, Lavoy Allen, Rodney Stuckey",14,63,69,67,78,1941,2160,4,9,-5,219
"21400021","MEM","Beno Udrih, Courtney Lee, Kosta Koufos, Tony Allen, Zach Randolph",14,32,42,36,49,1188,1317,4,7,-3,129
"21400021","IND","Chris Copeland, Damjan Rudez, Ian Mahinmi, Lavoy Allen, Rodney Stuckey",15,67,78,73,85,2160,2370,6,7,-1,210
"21400021","MEM","Beno Udrih, Kosta Koufos, Mike Conley, Tony Allen, Zach Randolph",15,36,49,45,53,1317,1440,9,4,5,123
"21400021","IND","Chris Copeland, Damjan Rudez, Donald Sloan, Lavoy Allen, Rodney Stuckey",16,73,85,73,85,2370,2370,0,0,0,0
"21400021","MEM","Marc Gasol, Mike Conley, Tayshaun Prince, Tony Allen, Zach Randolph",16,45,53,72,63,1440,1988,27,10,17,548
"21400021","IND","Chris Copeland, Damjan Rudez, Donald Sloan, Lavoy Allen, Roy Hibbert",17,73,85,73,87,2370,2424,0,2,-2,54
"21400021","MEM","Marc Gasol, Mike Conley, Quincy Pondexter, Tayshaun Prince, Zach Randolph",17,72,63,78,67,1988,2117,6,4,2,129
"21400021","IND","Chris Copeland, CJ Miles, Donald Sloan, Lavoy Allen, Roy Hibbert",18,73,87,80,93,2424,2685,7,6,1,261
"21400021","MEM","Kosta Koufos, Mike Conley, Quincy Pondexter, Tayshaun Prince, Zach Randolph",18,78,67,78,67,2117,2117,0,0,0,0
"21400021","IND","Chris Copeland, CJ Miles, Damjan Rudez, Donald Sloan, Roy Hibbert",19,80,93,89,97,2685,2880,9,4,5,195
"21400021","MEM","Beno Udrih, Kosta Koufos, Quincy Pondexter, Tayshaun Prince, Zach Randolph",19,78,67,78,67,2117,2160,0,0,0,43
"21400021","MEM","Beno Udrih, Kosta Koufos, Quincy Pondexter, Tony Allen, Zach Randolph",20,78,67,85,73,2160,2370,7,6,1,210
"21400021","MEM","Beno Udrih, Kosta Koufos, Marc Gasol, Quincy Pondexter, Tony Allen",21,85,73,87,75,2370,2525,2,2,0,155
"21400021","MEM","Beno Udrih, Kosta Koufos, Marc Gasol, Quincy Pondexter, Tayshaun Prince",22,87,75,87,75,2525,2525,0,0,0,0
"21400021","MEM","Kosta Koufos, Marc Gasol, Mike Conley, Quincy Pondexter, Tayshaun Prince",23,87,75,93,80,2525,2685,6,5,1,160
"21400021","MEM","Marc Gasol, Mike Conley, Quincy Pondexter, Tayshaun Prince, Tony Allen",24,93,80,93,80,2685,2685,0,0,0,0
"21400021","MEM","Marc Gasol, Mike Conley, Tayshaun Prince, Tony Allen, Zach Randolph",25,93,80,97,89,2685,2880,4,9,-5,195
"21400022","CHI","Derrick Rose, Joakim Noah, Kirk Hinrich, Mike Dunleavy, Pau Gasol",0,0,0,14,16,0,398,14,16,-2,398
"21400022","CLE","Anderson Varejao, Dion Waiters, Kevin Love, Kyrie Irving, LeBron James",0,0,0,9,10,0,273,9,10,-1,273
"21400022","CHI","Derrick Rose, Kirk Hinrich, Mike Dunleavy, Pau Gasol, Taj Gibson",1,14,16,19,23,398,487,5,7,-2,89
"21400022","CLE","Dion Waiters, Kevin Love, Kyrie Irving, LeBron James, Tristan Thompson",1,9,10,14,12,273,345,5,2,3,72
"21400022","CHI","Derrick Rose, Doug McDermott, Mike Dunleavy, Pau Gasol, Taj Gibson",2,19,23,19,23,487,487,0,0,0,0
"21400022","CLE","Kevin Love, Kyrie Irving, LeBron James, Mike Miller, Tristan Thompson",2,14,12,14,12,345,345,0,0,0,0
"21400022","CHI","Aaron Brooks, Doug McDermott, Mike Dunleavy, Pau Gasol, Taj Gibson",3,19,23,28,27,487,720,9,4,5,233
"21400022","CLE","Kevin Love, LeBron James, Matthew Dellavedova, Mike Miller, Tristan Thompson",3,14,12,23,19,345,492,9,7,2,147
"21400022","CHI","Aaron Brooks, Doug McDermott, Nikola Mirotic, Taj Gibson, Tony Snell",4,28,27,40,33,720,971,12,6,6,251
"21400022","CLE","Anderson Varejao, LeBron James, Matthew Dellavedova, Mike Miller, Tristan Thompson",4,23,19,27,26,492,662,4,7,-3,170
"21400022","CHI","Doug McDermott, Joakim Noah, Nikola Mirotic, Taj Gibson, Tony Snell",5,40,33,40,33,971,971,0,0,0,0
"21400022","CLE","Anderson Varejao, Dion Waiters, Matthew Dellavedova, Mike Miller, Tristan Thompson",5,27,26,27,28,662,719,0,2,-2,57
"21400022","CHI","Derrick Rose, Doug McDermott, Joakim Noah, Nikola Mirotic, Taj Gibson",6,40,33,40,33,971,971,0,0,0,0
"21400022","CLE","Anderson Varejao, Joe Harris, Matthew Dellavedova, Mike Miller, Tristan Thompson",6,27,28,27,28,719,720,0,0,0,1
"21400022","CHI","Derrick Rose, Doug McDermott, Joakim Noah, Kirk Hinrich, Taj Gibson",7,40,33,40,33,971,971,0,0,0,0
"21400022","CLE","Anderson Varejao, Matthew Dellavedova, Mike Miller, Shawn Marion, Tristan Thompson",7,27,28,27,30,720,769,0,2,-2,49
"21400022","CHI","Derrick Rose, Joakim Noah, Kirk Hinrich, Mike Dunleavy, Taj Gibson",8,40,33,50,42,971,1206,10,9,1,235
"21400022","CLE","Anderson Varejao, Kyrie Irving, Matthew Dellavedova, Shawn Marion, Tristan Thompson",8,27,30,33,37,769,888,6,7,-1,119
"21400022","CHI","Derrick Rose, Joakim Noah, Kirk Hinrich, Mike Dunleavy, Pau Gasol",9,50,42,67,62,1206,1886,17,20,-3,680
"21400022","CLE","Anderson Varejao, Kevin Love, Kyrie Irving, Matthew Dellavedova, Shawn Marion",9,33,37,33,40,888,971,0,3,-3,83
"21400022","CHI","Derrick Rose, Joakim Noah, Mike Dunleavy, Pau Gasol, Tony Snell",10,67,62,71,68,1886,2002,4,6,-2,116
"21400022","CLE","Kevin Love, Kyrie Irving, LeBron James, Matthew Dellavedova, Shawn Marion",10,33,40,33,40,971,971,0,0,0,0
"21400022","CHI","Derrick Rose, Doug McDermott, Joakim Noah, Pau Gasol, Tony Snell",11,71,68,71,68,2002,2002,0,0,0,0
"21400022","CLE","Kevin Love, Kyrie Irving, LeBron James, Shawn Marion, Tristan Thompson",11,33,40,38,44,971,1135,5,4,1,164
"21400022","CHI","Aaron Brooks, Derrick Rose, Doug McDermott, Pau Gasol, Tony Snell",12,71,68,71,68,2002,2002,0,0,0,0
"21400022","CLE","Dion Waiters, Kevin Love, Kyrie Irving, LeBron James, Tristan Thompson",12,38,44,44,52,1135,1282,6,8,-2,147
"21400022","CHI","Aaron Brooks, Doug McDermott, Pau Gasol, Taj Gibson, Tony Snell",13,71,68,78,71,2002,2213,7,3,4,211
"21400022","CLE","Dion Waiters, Kevin Love, Kyrie Irving, Shawn Marion, Tristan Thompson",13,44,52,47,54,1282,1326,3,2,1,44
"21400022","CHI","Aaron Brooks, Doug McDermott, Joakim Noah, Pau Gasol, Tony Snell",14,78,71,86,84,2213,2520,8,13,-5,307
"21400022","CLE","Dion Waiters, Kevin Love, LeBron James, Shawn Marion, Tristan Thompson",14,47,54,52,58,1326,1440,5,4,1,114
"21400022","CHI","Aaron Brooks, Doug McDermott, Joakim Noah, Taj Gibson, Tony Snell",15,86,84,86,84,2520,2532,0,0,0,12
"21400022","CLE","Anderson Varejao, Dion Waiters, Kevin Love, Kyrie Irving, LeBron James",15,52,58,56,61,1440,1588,4,3,1,148
"21400022","CHI","Doug McDermott, Joakim Noah, Kirk Hinrich, Taj Gibson, Tony Snell",16,86,84,86,84,2532,2532,0,0,0,0
"21400022","CLE","Anderson Varejao, Dion Waiters, Kevin Love, LeBron James, Matthew Dellavedova",16,56,61,62,67,1588,1886,6,6,0,298
"21400022","CHI","Joakim Noah, Kirk Hinrich, Mike Dunleavy, Taj Gibson, Tony Snell",17,86,84,98,98,2532,2880,12,14,-2,348
"21400022","CLE","Anderson Varejao, Dion Waiters, Kevin Love, Matthew Dellavedova, Shawn Marion",17,62,67,68,71,1886,2019,6,4,2,133
"21400022","CHI","Kirk Hinrich, Mike Dunleavy, Pau Gasol, Taj Gibson, Tony Snell",18,98,98,104,99,2880,2957,6,1,5,77
"21400022","CLE","Dion Waiters, Kevin Love, Matthew Dellavedova, Shawn Marion, Tristan Thompson",18,68,71,69,78,2019,2158,1,7,-6,139
"21400022","CHI","Aaron Brooks, Kirk Hinrich, Mike Dunleavy, Pau Gasol, Taj Gibson",19,104,99,104,99,2957,3020,0,0,0,63
"21400022","CLE","Dion Waiters, Joe Harris, Matthew Dellavedova, Shawn Marion, Tristan Thompson",19,69,78,69,78,2158,2160,0,0,0,2
"21400022","CHI","Aaron Brooks, Joakim Noah, Kirk Hinrich, Mike Dunleavy, Taj Gibson",20,104,99,104,102,3020,3085,0,3,-3,65
"21400022","CLE","Anderson Varejao, Kyrie Irving, Matthew Dellavedova, Shawn Marion, Tristan Thompson",20,69,78,71,78,2160,2213,2,0,2,53
"21400022","CHI","Joakim Noah, Kirk Hinrich, Mike Dunleavy, Taj Gibson, Tony Snell",21,104,102,106,102,3085,3090,2,0,2,5
"21400022","CLE","Anderson Varejao, Kyrie Irving, LeBron James, Matthew Dellavedova, Tristan Thompson",21,71,78,74,78,2213,2243,3,0,3,30
"21400022","CHI","Aaron Brooks, Joakim Noah, Kirk Hinrich, Mike Dunleavy, Taj Gibson",22,106,102,106,102,3090,3107,0,0,0,17
"21400022","CLE","Anderson Varejao, Kyrie Irving, LeBron James, Mike Miller, Tristan Thompson",22,74,78,82,82,2243,2472,8,4,4,229
"21400022","CHI","Joakim Noah, Kirk Hinrich, Mike Dunleavy, Taj Gibson, Tony Snell",23,106,102,108,104,3107,3156,2,2,0,49
"21400022","CLE","Anderson Varejao, Kevin Love, Kyrie Irving, LeBron James, Mike Miller",23,82,82,84,86,2472,2532,2,4,-2,60
"21400022","CHI","Aaron Brooks, Joakim Noah, Kirk Hinrich, Mike Dunleavy, Taj Gibson",24,108,104,110,104,3156,3164,2,0,2,8
"21400022","CLE","Dion Waiters, Kevin Love, Kyrie Irving, LeBron James, Mike Miller",24,84,86,84,86,2532,2532,0,0,0,0
"21400022","CHI","Aaron Brooks, Kirk Hinrich, Mike Dunleavy, Pau Gasol, Taj Gibson",25,110,104,114,108,3164,3180,4,4,0,16
"21400022","CLE","Dion Waiters, Kevin Love, Kyrie Irving, LeBron James, Tristan Thompson",25,84,86,90,89,2532,2689,6,3,3,157
"21400022","CLE","Kevin Love, Kyrie Irving, LeBron James, Matthew Dellavedova, Tristan Thompson",26,90,89,108,114,2689,3180,18,25,-7,491
"21400023","MIL","Brandon Knight, Jabari Parker, Jared Dudley, Khris Middleton, Larry Sanders",0,0,0,9,9,0,355,9,9,0,355
"21400023","PHI","Chris Johnson, Henry Sims, Hollis Thompson, Nerlens Noel, Tony Wroten",0,0,0,9,13,0,421,9,13,-4,421
"21400023","MIL","Brandon Knight, Jabari Parker, Jared Dudley, Larry Sanders, O.J. Mayo",1,9,9,9,9,355,355,0,0,0,0
"21400023","PHI","Chris Johnson, Hollis Thompson, Malcolm Thomas, Nerlens Noel, Tony Wroten",1,9,13,9,13,421,421,0,0,0,0
"21400023","MIL","Brandon Knight, Giannis Antetokounmpo, Jabari Parker, Jared Dudley, O.J. Mayo",2,9,9,9,9,355,355,0,0,0,0
"21400023","PHI","Hollis Thompson, KJ McDaniels, Malcolm Thomas, Nerlens Noel, Tony Wroten",2,9,13,9,13,421,421,0,0,0,0
"21400023","MIL","Brandon Knight, Giannis Antetokounmpo, Jabari Parker, John Henson, O.J. Mayo",3,9,9,13,9,355,421,4,0,4,66
"21400023","PHI","Brandon Davies, Hollis Thompson, KJ McDaniels, Nerlens Noel, Tony Wroten",3,9,13,9,13,421,421,0,0,0,0
"21400023","MIL","Giannis Antetokounmpo, Jabari Parker, John Henson, Kendall Marshall, O.J. Mayo",4,13,9,24,24,421,720,11,15,-4,299
"21400023","PHI","Hollis Thompson, KJ McDaniels, Malcolm Thomas, Nerlens Noel, Tony Wroten",4,9,13,9,13,421,432,0,0,0,11
"21400023","MIL","Ersan Ilyasova, Giannis Antetokounmpo, Jerryd Bayless, John Henson, O.J. Mayo",5,24,24,32,29,720,934,8,5,3,214
"21400023","PHI","Brandon Davies, Hollis Thompson, KJ McDaniels, Malcolm Thomas, Tony Wroten",5,9,13,11,13,432,461,2,0,2,29
"21400023","MIL","Brandon Knight, Ersan Ilyasova, Giannis Antetokounmpo, John Henson, O.J. Mayo",6,32,29,32,29,934,934,0,0,0,0
"21400023","PHI","Alexey Shved, Brandon Davies, KJ McDaniels, Malcolm Thomas, Tony Wroten",6,11,13,22,19,461,658,11,6,5,197
"21400023","MIL","Brandon Knight, Ersan Ilyasova, Giannis Antetokounmpo, Larry Sanders, O.J. Mayo",7,32,29,33,29,934,944,1,0,1,10
"21400023","PHI","Alexey Shved, Brandon Davies, KJ McDaniels, Luc Mbah a Moute, Malcolm Thomas",7,22,19,24,24,658,720,2,5,-3,62
"21400023","MIL","Brandon Knight, Ersan Ilyasova, Giannis Antetokounmpo, Khris Middleton, Larry Sanders",8,33,29,33,31,944,1011,0,2,-2,67
"21400023","PHI","Alexey Shved, KJ McDaniels, Luc Mbah a Moute, Malcolm Thomas, Nerlens Noel",8,24,24,26,28,720,824,2,4,-2,104
"21400023","MIL","Brandon Knight, Giannis Antetokounmpo, Jabari Parker, Khris Middleton, Larry Sanders",9,33,31,42,34,1011,1199,9,3,6,188
"21400023","PHI","Alexey Shved, Henry Sims, KJ McDaniels, Luc Mbah a Moute, Nerlens Noel",9,26,28,26,28,824,824,0,0,0,0
"21400023","MIL","Brandon Knight, Jabari Parker, Jared Dudley, Khris Middleton, Larry Sanders",10,42,34,54,56,1199,1711,12,22,-10,512
"21400023","PHI","Alexey Shved, Henry Sims, Hollis Thompson, Luc Mbah a Moute, Nerlens Noel",10,26,28,31,33,824,1011,5,5,0,187
"21400023","MIL","Brandon Knight, Giannis Antetokounmpo, Jared Dudley, Khris Middleton, Larry Sanders",11,54,56,57,56,1711,1723,3,0,3,12
"21400023","PHI","Henry Sims, Hollis Thompson, Luc Mbah a Moute, Nerlens Noel, Tony Wroten",11,31,33,31,35,1011,1077,0,2,-2,66
"21400023","MIL","Brandon Knight, Giannis Antetokounmpo, Jared Dudley, John Henson, Khris Middleton",12,57,56,60,58,1723,1784,3,2,1,61
"21400023","PHI","Chris Johnson, Henry Sims, Hollis Thompson, Nerlens Noel, Tony Wroten",12,31,35,36,42,1077,1244,5,7,-2,167
"21400023","MIL","Brandon Knight, Giannis Antetokounmpo, John Henson, Khris Middleton, O.J. Mayo",13,60,58,62,58,1784,1804,2,0,2,20
"21400023","PHI","Chris Johnson, Hollis Thompson, Malcolm Thomas, Nerlens Noel, Tony Wroten",13,36,42,36,42,1244,1244,0,0,0,0
"21400023","MIL","Giannis Antetokounmpo, Jerryd Bayless, John Henson, Khris Middleton, O.J. Mayo",14,62,58,62,58,1804,1804,0,0,0,0
"21400023","PHI","Brandon Davies, Chris Johnson, Hollis Thompson, Malcolm Thomas, Tony Wroten",14,36,42,38,42,1244,1265,2,0,2,21
"21400023","MIL","Giannis Antetokounmpo, Jerryd Bayless, John Henson, Nate Wolters, O.J. Mayo",15,62,58,81,82,1804,2420,19,24,-5,616
"21400023","PHI","Chris Johnson, Hollis Thompson, Luc Mbah a Moute, Malcolm Thomas, Tony Wroten",15,38,42,46,47,1265,1411,8,5,3,146
"21400023","MIL","Jabari Parker, Jerryd Bayless, John Henson, Nate Wolters, O.J. Mayo",16,81,82,81,82,2420,2420,0,0,0,0
"21400023","PHI","Chris Johnson, KJ McDaniels, Luc Mbah a Moute, Malcolm Thomas, Tony Wroten",16,46,47,46,47,1411,1440,0,0,0,29
"21400023","MIL","Jabari Parker, Jerryd Bayless, Larry Sanders, Nate Wolters, O.J. Mayo",17,81,82,81,82,2420,2420,0,0,0,0
"21400023","PHI","Chris Johnson, Henry Sims, Hollis Thompson, Nerlens Noel, Tony Wroten",17,46,47,56,54,1440,1711,10,7,3,271
"21400023","MIL","Jabari Parker, Khris Middleton, Larry Sanders, Nate Wolters, O.J. Mayo",18,81,82,81,82,2420,2420,0,0,0,0
"21400023","PHI","Chris Johnson, Henry Sims, Hollis Thompson, Malcolm Thomas, Tony Wroten",18,56,54,58,58,1711,1751,2,4,-2,40
"21400023","MIL","Brandon Knight, Jabari Parker, Khris Middleton, Larry Sanders, O.J. Mayo",19,81,82,81,93,2420,2880,0,11,-11,460
"21400023","PHI","Chris Johnson, Hollis Thompson, Luc Mbah a Moute, Malcolm Thomas, Tony Wroten",19,58,58,63,65,1751,1857,5,7,-2,106
"21400023","PHI","Chris Johnson, KJ McDaniels, Luc Mbah a Moute, Malcolm Thomas, Tony Wroten",20,63,65,63,65,1857,1857,0,0,0,0
"21400023","PHI","Chris Johnson, KJ McDaniels, Luc Mbah a Moute, Nerlens Noel, Tony Wroten",21,63,65,66,66,1857,1960,3,1,2,103
"21400023","PHI","Alexey Shved, Chris Johnson, KJ McDaniels, Luc Mbah a Moute, Nerlens Noel",22,66,66,66,66,1960,1980,0,0,0,20
"21400023","PHI","Alexey Shved, JaKarr Sampson, KJ McDaniels, Luc Mbah a Moute, Nerlens Noel",23,66,66,80,74,1980,2244,14,8,6,264
"21400023","PHI","Alexey Shved, JaKarr Sampson, Luc Mbah a Moute, Nerlens Noel, Tony Wroten",24,80,74,80,74,2244,2244,0,0,0,0
"21400023","PHI","Hollis Thompson, JaKarr Sampson, Luc Mbah a Moute, Nerlens Noel, Tony Wroten",25,80,74,80,74,2244,2244,0,0,0,0
"21400023","PHI","Chris Johnson, Hollis Thompson, JaKarr Sampson, Nerlens Noel, Tony Wroten",26,80,74,80,74,2244,2244,0,0,0,0
"21400023","PHI","Chris Johnson, Henry Sims, Hollis Thompson, Nerlens Noel, Tony Wroten",27,80,74,82,81,2244,2420,2,7,-5,176
"21400023","PHI","Chris Johnson, Henry Sims, Hollis Thompson, Luc Mbah a Moute, Tony Wroten",28,82,81,82,81,2420,2420,0,0,0,0
"21400023","PHI","Chris Johnson, Henry Sims, Luc Mbah a Moute, Malcolm Thomas, Tony Wroten",29,82,81,82,81,2420,2420,0,0,0,0
"21400023","PHI","Chris Johnson, Henry Sims, JaKarr Sampson, Luc Mbah a Moute, Malcolm Thomas",30,82,81,82,81,2420,2420,0,0,0,0
"21400023","PHI","Chris Johnson, Hollis Thompson, JaKarr Sampson, Luc Mbah a Moute, Malcolm Thomas",31,82,81,82,81,2420,2420,0,0,0,0
"21400023","PHI","Chris Johnson, Hollis Thompson, Luc Mbah a Moute, Malcolm Thomas, Tony Wroten",32,82,81,85,81,2420,2521,3,0,3,101
"21400023","PHI","Alexey Shved, Chris Johnson, Hollis Thompson, Luc Mbah a Moute, Malcolm Thomas",33,85,81,85,81,2521,2521,0,0,0,0
"21400023","PHI","Alexey Shved, Hollis Thompson, Luc Mbah a Moute, Malcolm Thomas, Nerlens Noel",34,85,81,85,81,2521,2521,0,0,0,0
"21400023","PHI","Alexey Shved, Henry Sims, Hollis Thompson, Luc Mbah a Moute, Nerlens Noel",35,85,81,90,81,2521,2623,5,0,5,102
"21400023","PHI","Henry Sims, Hollis Thompson, Luc Mbah a Moute, Nerlens Noel, Tony Wroten",36,90,81,90,81,2623,2723,0,0,0,100
"21400023","PHI","Chris Johnson, Hollis Thompson, Luc Mbah a Moute, Nerlens Noel, Tony Wroten",37,90,81,93,81,2723,2838,3,0,3,115
"21400023","PHI","Alexey Shved, Chris Johnson, Hollis Thompson, Luc Mbah a Moute, Tony Wroten",38,93,81,93,81,2838,2838,0,0,0,0
"21400023","PHI","Alexey Shved, Chris Johnson, Hollis Thompson, JaKarr Sampson, Luc Mbah a Moute",39,93,81,93,81,2838,2838,0,0,0,0
"21400023","PHI","Alexey Shved, Chris Johnson, Hollis Thompson, JaKarr Sampson, Malcolm Thomas",40,93,81,93,81,2838,2880,0,0,0,42
"21400024","PHX","Eric Bledsoe, Goran Dragic, Marcus Morris Sr., Markieff Morris, Miles Plumlee",0,0,0,14,8,0,400,14,8,6,400
"21400024","SAS","Austin Daye, Danny Green, Kawhi Leonard, Tim Duncan, Tony Parker",0,0,0,8,14,0,400,8,14,-6,400
"21400024","PHX","Alex Len, Eric Bledsoe, Goran Dragic, Marcus Morris Sr., Miles Plumlee",1,14,8,14,8,400,400,0,0,0,0
"21400024","SAS","Austin Daye, Kawhi Leonard, Manu Ginobili, Tim Duncan, Tony Parker",1,8,14,8,14,400,400,0,0,0,0
"21400024","PHX","Alex Len, Anthony Tolliver, Eric Bledsoe, Goran Dragic, Marcus Morris Sr.",2,14,8,14,8,400,481,0,0,0,81
"21400024","SAS","Boris Diaw, Kawhi Leonard, Manu Ginobili, Tim Duncan, Tony Parker",2,8,14,8,14,400,481,0,0,0,81
"21400024","PHX","Alex Len, Anthony Tolliver, Goran Dragic, Isaiah Thomas, Marcus Morris Sr.",3,14,8,18,8,481,555,4,0,4,74
"21400024","SAS","Aron Baynes, Boris Diaw, Kawhi Leonard, Manu Ginobili, Tony Parker",3,8,14,8,18,481,539,0,4,-4,58
"21400024","PHX","Alex Len, Anthony Tolliver, Gerald Green, Goran Dragic, Isaiah Thomas",4,18,8,24,11,555,720,6,3,3,165
"21400024","SAS","Aron Baynes, Boris Diaw, Manu Ginobili, Marco Belinelli, Tony Parker",4,8,18,8,18,539,563,0,0,0,24
"21400024","PHX","Alex Len, Anthony Tolliver, Eric Bledsoe, Gerald Green, Isaiah Thomas",5,24,11,26,19,720,925,2,8,-6,205
"21400024","SAS","Aron Baynes, Boris Diaw, Cory Joseph, Manu Ginobili, Marco Belinelli",5,8,18,13,24,563,758,5,6,-1,195
"21400024","PHX","Alex Len, Eric Bledsoe, Gerald Green, Isaiah Thomas, Markieff Morris",6,26,19,30,30,925,1087,4,11,-7,162
"21400024","SAS","Boris Diaw, Cory Joseph, Jeff Ayres, Manu Ginobili, Marco Belinelli",6,13,24,17,26,758,899,4,2,2,141
"21400024","PHX","Eric Bledsoe, Gerald Green, Goran Dragic, Isaiah Thomas, Markieff Morris",7,30,30,30,30,1087,1087,0,0,0,0
"21400024","SAS","Boris Diaw, Jeff Ayres, Manu Ginobili, Marco Belinelli, Tony Parker",7,17,26,17,26,899,899,0,0,0,0
"21400024","PHX","Eric Bledsoe, Goran Dragic, Isaiah Thomas, Markieff Morris, Miles Plumlee",8,30,30,34,30,1087,1143,4,0,4,56
"21400024","SAS","Boris Diaw, Danny Green, Jeff Ayres, Marco Belinelli, Tony Parker",8,17,26,24,26,899,971,7,0,7,72
"21400024","PHX","Alex Len, Eric Bledsoe, Goran Dragic, Isaiah Thomas, Markieff Morris",9,34,30,38,32,1143,1220,4,2,2,77
"21400024","SAS","Austin Daye, Danny Green, Jeff Ayres, Marco Belinelli, Tony Parker",9,24,26,30,30,971,1087,6,4,2,116
"21400024","PHX","Alex Len, Eric Bledsoe, Goran Dragic, Marcus Morris Sr., Markieff Morris",10,38,32,45,36,1220,1440,7,4,3,220
"21400024","SAS","Austin Daye, Jeff Ayres, Marco Belinelli, Tim Duncan, Tony Parker",10,30,30,30,30,1087,1087,0,0,0,0
"21400024","PHX","Eric Bledsoe, Goran Dragic, Marcus Morris Sr., Markieff Morris, Miles Plumlee",11,45,36,58,53,1440,1870,13,17,-4,430
"21400024","SAS","Austin Daye, Kawhi Leonard, Marco Belinelli, Tim Duncan, Tony Parker",11,30,30,30,33,1087,1139,0,3,-3,52
"21400024","PHX","Eric Bledsoe, Goran Dragic, Isaiah Thomas, Marcus Morris Sr., Markieff Morris",12,58,53,58,53,1870,1870,0,0,0,0
"21400024","SAS","Austin Daye, Kawhi Leonard, Manu Ginobili, Tim Duncan, Tony Parker",12,30,33,36,45,1139,1440,6,12,-6,301
"21400024","PHX","Alex Len, Goran Dragic, Isaiah Thomas, Marcus Morris Sr., Markieff Morris",13,58,53,62,55,1870,1921,4,2,2,51
"21400024","SAS","Austin Daye, Danny Green, Kawhi Leonard, Tim Duncan, Tony Parker",13,36,45,42,47,1440,1600,6,2,4,160
"21400024","PHX","Alex Len, Anthony Tolliver, Goran Dragic, Isaiah Thomas, Marcus Morris Sr.",14,62,55,65,57,1921,2004,3,2,1,83
"21400024","SAS","Boris Diaw, Danny Green, Kawhi Leonard, Tim Duncan, Tony Parker",14,42,47,53,58,1600,1870,11,11,0,270
"21400024","PHX","Alex Len, Anthony Tolliver, Gerald Green, Goran Dragic, Isaiah Thomas",15,65,57,71,67,2004,2160,6,10,-4,156
"21400024","SAS","Boris Diaw, Danny Green, Marco Belinelli, Tim Duncan, Tony Parker",15,53,58,53,58,1870,1870,0,0,0,0
"21400024","PHX","Alex Len, Anthony Tolliver, Eric Bledsoe, Gerald Green, Isaiah Thomas",16,71,67,77,74,2160,2304,6,7,-1,144
"21400024","SAS","Boris Diaw, Cory Joseph, Marco Belinelli, Tim Duncan, Tony Parker",16,53,58,53,58,1870,1870,0,0,0,0
"21400024","PHX","Anthony Tolliver, Eric Bledsoe, Gerald Green, Isaiah Thomas, Markieff Morris",17,77,74,80,76,2304,2398,3,2,1,94
"21400024","SAS","Boris Diaw, Cory Joseph, Manu Ginobili, Marco Belinelli, Tim Duncan",17,53,58,57,65,1870,2013,4,7,-3,143
"21400024","PHX","Alex Len, Eric Bledsoe, Gerald Green, Isaiah Thomas, Markieff Morris",18,80,76,87,84,2398,2605,7,8,-1,207
"21400024","SAS","Boris Diaw, Manu Ginobili, Marco Belinelli, Tim Duncan, Tony Parker",18,57,65,57,65,2013,2013,0,0,0,0
"21400024","PHX","Alex Len, Eric Bledsoe, Goran Dragic, Isaiah Thomas, Markieff Morris",19,87,84,89,94,2605,2880,2,10,-8,275
"21400024","SAS","Aron Baynes, Boris Diaw, Manu Ginobili, Marco Belinelli, Tony Parker",19,57,65,70,77,2013,2231,13,12,1,218
"21400024","SAS","Aron Baynes, Boris Diaw, Cory Joseph, Marco Belinelli, Tony Parker",20,70,77,78,84,2231,2467,8,7,1,236
"21400024","SAS","Boris Diaw, Cory Joseph, Marco Belinelli, Tim Duncan, Tony Parker",21,78,84,78,84,2467,2467,0,0,0,0
"21400024","SAS","Boris Diaw, Cory Joseph, Danny Green, Marco Belinelli, Tim Duncan",22,78,84,78,84,2467,2485,0,0,0,18
"21400024","SAS","Austin Daye, Cory Joseph, Danny Green, Marco Belinelli, Tim Duncan",23,78,84,80,84,2485,2536,2,0,2,51
"21400024","SAS","Austin Daye, Cory Joseph, Danny Green, Manu Ginobili, Tim Duncan",24,80,84,84,87,2536,2605,4,3,1,69
"21400024","SAS","Cory Joseph, Danny Green, Manu Ginobili, Tim Duncan, Tony Parker",25,84,87,84,87,2605,2605,0,0,0,0
"21400024","SAS","Boris Diaw, Danny Green, Manu Ginobili, Tim Duncan, Tony Parker",26,84,87,88,87,2605,2747,4,0,4,142
"21400024","SAS","Boris Diaw, Kawhi Leonard, Manu Ginobili, Tim Duncan, Tony Parker",27,88,87,92,89,2747,2844,4,2,2,97
"21400024","SAS","Boris Diaw, Danny Green, Manu Ginobili, Tim Duncan, Tony Parker",28,92,89,94,89,2844,2880,2,0,2,36
"21400025","POR","Damian Lillard, LaMarcus Aldridge, Nicolas Batum, Robin Lopez, Wesley Matthews",0,0,0,9,16,0,381,9,16,-7,381
"21400025","SAC","Ben McLemore, Darren Collison, DeMarcus Cousins, Jason Thompson, Rudy Gay",0,0,0,22,17,0,591,22,17,5,591
"21400025","POR","LaMarcus Aldridge, Nicolas Batum, Robin Lopez, Steve Blake, Wesley Matthews",1,9,16,9,16,381,381,0,0,0,0
"21400025","SAC","Ben McLemore, Darren Collison, Jason Thompson, Ramon Sessions, Rudy Gay",1,22,17,22,17,591,591,0,0,0,0
"21400025","POR","Chris Kaman, LaMarcus Aldridge, Nicolas Batum, Steve Blake, Wesley Matthews",2,9,16,17,22,381,591,8,6,2,210
"21400025","SAC","Ben McLemore, Carl Landry, Jason Thompson, Ramon Sessions, Rudy Gay",2,22,17,22,19,591,616,0,2,-2,25
"21400025","POR","Chris Kaman, Damian Lillard, LaMarcus Aldridge, Steve Blake, Wesley Matthews",3,17,22,17,22,591,591,0,0,0,0
"21400025","SAC","Ben McLemore, Carl Landry, Jason Thompson, Nik Stauskas, Ramon Sessions",3,22,19,22,19,616,616,0,0,0,0
"21400025","POR","Chris Kaman, Damian Lillard, Dorell Wright, LaMarcus Aldridge, Steve Blake",4,17,22,24,26,591,720,7,4,3,129
"21400025","SAC","Carl Landry, Jason Thompson, Nik Stauskas, Omri Casspi, Ramon Sessions",4,22,19,24,20,616,642,2,1,1,26
"21400025","POR","Chris Kaman, CJ McCollum, Damian Lillard, Dorell Wright, Joel Freeland",5,24,26,29,30,720,892,5,4,1,172
"21400025","SAC","Carl Landry, Nik Stauskas, Omri Casspi, Ramon Sessions, Reggie Evans",5,24,20,30,31,642,906,6,11,-5,264
"21400025","POR","CJ McCollum, Damian Lillard, Dorell Wright, Joel Freeland, Robin Lopez",6,29,30,34,34,892,973,5,4,1,81
"21400025","SAC","DeMarcus Cousins, Nik Stauskas, Omri Casspi, Ramon Sessions, Reggie Evans",6,30,31,36,34,906,999,6,3,3,93
"21400025","POR","CJ McCollum, Dorell Wright, Joel Freeland, Robin Lopez, Steve Blake",7,34,34,34,36,973,989,0,2,-2,16
"21400025","SAC","Darren Collison, DeMarcus Cousins, Nik Stauskas, Omri Casspi, Reggie Evans",7,36,34,36,34,999,999,0,0,0,0
"21400025","POR","CJ McCollum, Joel Freeland, Robin Lopez, Steve Blake, Wesley Matthews",8,34,36,34,36,989,1019,0,0,0,30
"21400025","SAC","Darren Collison, DeMarcus Cousins, Nik Stauskas, Reggie Evans, Rudy Gay",8,36,34,41,37,999,1146,5,3,2,147
"21400025","POR","Joel Freeland, Nicolas Batum, Robin Lopez, Steve Blake, Wesley Matthews",9,34,36,34,39,1019,1088,0,3,-3,69
"21400025","SAC","Ben McLemore, Darren Collison, DeMarcus Cousins, Reggie Evans, Rudy Gay",9,41,37,48,48,1146,1425,7,11,-4,279
"21400025","POR","LaMarcus Aldridge, Nicolas Batum, Robin Lopez, Steve Blake, Wesley Matthews",10,34,39,44,43,1088,1265,10,4,6,177
"21400025","SAC","Ben McLemore, Darren Collison, Reggie Evans, Rudy Gay, Ryan Hollins",10,48,48,48,48,1425,1440,0,0,0,15
"21400025","POR","Damian Lillard, LaMarcus Aldridge, Nicolas Batum, Robin Lopez, Wesley Matthews",11,44,43,44,44,1265,1334,0,1,-1,69
"21400025","SAC","Ben McLemore, Darren Collison, DeMarcus Cousins, Jason Thompson, Rudy Gay",11,48,48,62,54,1440,1759,14,6,8,319
"21400025","POR","Chris Kaman, Damian Lillard, LaMarcus Aldridge, Nicolas Batum, Wesley Matthews",12,44,44,48,48,1334,1425,4,4,0,91
"21400025","SAC","Ben McLemore, Darren Collison, Jason Thompson, Reggie Evans, Rudy Gay",12,62,54,71,69,1759,2059,9,15,-6,300
"21400025","POR","Damian Lillard, LaMarcus Aldridge, Nicolas Batum, Steve Blake, Wesley Matthews",13,48,48,48,48,1425,1440,0,0,0,15
"21400025","SAC","Ben McLemore, Darren Collison, Jason Thompson, Omri Casspi, Reggie Evans",13,71,69,71,69,2059,2114,0,0,0,55
"21400025","POR","Damian Lillard, LaMarcus Aldridge, Nicolas Batum, Robin Lopez, Wesley Matthews",14,48,48,56,62,1440,1818,8,14,-6,378
"21400025","SAC","Darren Collison, Jason Thompson, Nik Stauskas, Omri Casspi, Reggie Evans",14,71,69,71,71,2114,2160,0,2,-2,46
"21400025","POR","Chris Kaman, Damian Lillard, LaMarcus Aldridge, Nicolas Batum, Wesley Matthews",15,56,62,62,69,1818,1954,6,7,-1,136
"21400025","SAC","Carl Landry, Nik Stauskas, Omri Casspi, Ramon Sessions, Reggie Evans",15,71,71,75,77,2160,2371,4,6,-2,211
"21400025","POR","Chris Kaman, Damian Lillard, LaMarcus Aldridge, Nicolas Batum, Steve Blake",16,62,69,69,71,1954,2059,7,2,5,105
"21400025","SAC","Carl Landry, Darren Collison, Nik Stauskas, Omri Casspi, Reggie Evans",16,75,77,75,77,2371,2371,0,0,0,0
"21400025","POR","Chris Kaman, CJ McCollum, Damian Lillard, LaMarcus Aldridge, Steve Blake",17,69,71,69,71,2059,2114,0,0,0,55
"21400025","SAC","Carl Landry, Darren Collison, Nik Stauskas, Reggie Evans, Rudy Gay",17,75,77,75,77,2371,2371,0,0,0,0
"21400025","POR","Chris Kaman, CJ McCollum, Damian Lillard, Robin Lopez, Steve Blake",18,69,71,69,71,2114,2114,0,0,0,0
"21400025","SAC","Carl Landry, Darren Collison, DeMarcus Cousins, Nik Stauskas, Rudy Gay",18,75,77,84,77,2371,2560,9,0,9,189
"21400025","POR","Chris Kaman, CJ McCollum, Robin Lopez, Steve Blake, Wesley Matthews",19,69,71,77,75,2114,2371,8,4,4,257
"21400025","SAC","Ben McLemore, Carl Landry, Darren Collison, DeMarcus Cousins, Rudy Gay",19,84,77,95,86,2560,2804,11,9,2,244
"21400025","POR","CJ McCollum, Damian Lillard, Robin Lopez, Steve Blake, Wesley Matthews",20,77,75,77,75,2371,2371,0,0,0,0
"21400025","SAC","Ben McLemore, Darren Collison, DeMarcus Cousins, Omri Casspi, Rudy Gay",20,95,86,95,86,2804,2804,0,0,0,0
"21400025","POR","Damian Lillard, LaMarcus Aldridge, Robin Lopez, Steve Blake, Wesley Matthews",21,77,75,77,75,2371,2409,0,0,0,38
"21400025","SAC","Ben McLemore, Darren Collison, Omri Casspi, Rudy Gay, Ryan Hollins",21,95,86,95,89,2804,2809,0,3,-3,5
"21400025","POR","Damian Lillard, LaMarcus Aldridge, Nicolas Batum, Robin Lopez, Steve Blake",22,77,75,77,82,2409,2497,0,7,-7,88
"21400025","SAC","Ben McLemore, Darren Collison, DeMarcus Cousins, Omri Casspi, Rudy Gay",22,95,89,97,89,2809,2833,2,0,2,24
"21400025","POR","Damian Lillard, LaMarcus Aldridge, Nicolas Batum, Steve Blake, Wesley Matthews",23,77,82,77,82,2497,2497,0,0,0,0
"21400025","SAC","Ben McLemore, Darren Collison, Omri Casspi, Rudy Gay, Ryan Hollins",23,97,89,97,91,2833,2839,0,2,-2,6
"21400025","POR","Chris Kaman, Damian Lillard, LaMarcus Aldridge, Nicolas Batum, Wesley Matthews",24,77,82,77,86,2497,2592,0,4,-4,95
"21400025","SAC","Ben McLemore, Darren Collison, DeMarcus Cousins, Rudy Gay, Ryan Hollins",24,97,91,97,91,2839,2839,0,0,0,0
"21400025","POR","Damian Lillard, LaMarcus Aldridge, Nicolas Batum, Robin Lopez, Wesley Matthews",25,77,86,86,95,2592,2774,9,9,0,182
"21400025","SAC","Ben McLemore, Darren Collison, DeMarcus Cousins, Omri Casspi, Rudy Gay",25,97,91,99,91,2839,2842,2,0,2,3
"21400025","POR","Damian Lillard, LaMarcus Aldridge, Nicolas Batum, Steve Blake, Wesley Matthews",26,86,95,94,103,2774,2880,8,8,0,106
"21400025","SAC","Ben McLemore, Darren Collison, Omri Casspi, Rudy Gay, Ryan Hollins",26,99,91,103,94,2842,2880,4,3,1,38
"21400026","LAC","Blake Griffin, Chris Paul, DeAndre Jordan, JJ Redick, Matt Barnes",0,0,0,25,12,0,461,25,12,13,461
"21400026","LAL","Carlos Boozer, Jeremy Lin, Jordan Hill, Kobe Bryant, Wesley Johnson",0,0,0,12,22,0,436,12,22,-10,436
"21400026","LAC","Blake Griffin, Chris Douglas-Roberts, Chris Paul, DeAndre Jordan, JJ Redick",1,25,12,27,16,461,535,2,4,-2,74
"21400026","LAL","Ed Davis, Jeremy Lin, Jordan Hill, Kobe Bryant, Wesley Johnson",1,12,22,16,27,436,535,4,5,-1,99
"21400026","LAC","Blake Griffin, Chris Douglas-Roberts, Chris Paul, DeAndre Jordan, Jamal Crawford",2,27,16,31,20,535,671,4,4,0,136
"21400026","LAL","Ed Davis, Jeremy Lin, Jordan Hill, Wayne Ellington, Wesley Johnson",2,16,27,20,31,535,671,4,4,0,136
"21400026","LAC","Blake Griffin, Chris Douglas-Roberts, DeAndre Jordan, Jamal Crawford, Jordan Farmar",3,31,20,31,22,671,718,0,2,-2,47
"21400026","LAL","Ed Davis, Jordan Hill, Ronnie Price, Wayne Ellington, Wesley Johnson",3,20,31,20,31,671,671,0,0,0,0
"21400026","LAC","Blake Griffin, Chris Douglas-Roberts, Jamal Crawford, Jordan Farmar, Spencer Hawes",4,31,22,31,22,718,720,0,0,0,2
"21400026","LAL","Ed Davis, Robert Sacre, Ronnie Price, Wayne Ellington, Wesley Johnson",4,20,31,22,31,671,720,2,0,2,49
"21400026","LAC","Chris Douglas-Roberts, Hedo Turkoglu, Jamal Crawford, Jordan Farmar, Spencer Hawes",5,31,22,44,33,720,973,13,11,2,253
"21400026","LAL","Ed Davis, Robert Sacre, Ronnie Price, Wayne Ellington, Xavier Henry",5,22,31,29,41,720,915,7,10,-3,195
"21400026","LAC","Chris Douglas-Roberts, DeAndre Jordan, Jamal Crawford, Jordan Farmar, Spencer Hawes",6,44,33,44,36,973,1028,0,3,-3,55
"21400026","LAL","Ed Davis, Kobe Bryant, Robert Sacre, Ronnie Price, Xavier Henry",6,29,41,33,44,915,973,4,3,1,58
"21400026","LAC","Chris Douglas-Roberts, Chris Paul, DeAndre Jordan, Jamal Crawford, Spencer Hawes",7,44,36,44,36,1028,1028,0,0,0,0
"21400026","LAL","Carlos Boozer, Kobe Bryant, Robert Sacre, Ronnie Price, Xavier Henry",7,33,44,36,44,973,1028,3,0,3,55
"21400026","LAC","Blake Griffin, Chris Paul, DeAndre Jordan, Jamal Crawford, Spencer Hawes",8,44,36,44,36,1028,1028,0,0,0,0
"21400026","LAL","Carlos Boozer, Jordan Hill, Kobe Bryant, Ronnie Price, Xavier Henry",8,36,44,36,44,1028,1038,0,0,0,10
"21400026","LAC","Blake Griffin, Chris Paul, DeAndre Jordan, Jamal Crawford, Matt Barnes",9,44,36,44,36,1028,1038,0,0,0,10
"21400026","LAL","Carlos Boozer, Jordan Hill, Kobe Bryant, Ronnie Price, Wesley Johnson",9,36,44,36,44,1038,1052,0,0,0,14
"21400026","LAC","Blake Griffin, Chris Paul, DeAndre Jordan, JJ Redick, Matt Barnes",10,44,36,58,53,1038,1392,14,17,-3,354
"21400026","LAL","Carlos Boozer, Jeremy Lin, Jordan Hill, Kobe Bryant, Wesley Johnson",10,36,44,38,44,1052,1136,2,0,2,84
"21400026","LAC","Blake Griffin, Chris Douglas-Roberts, Chris Paul, DeAndre Jordan, JJ Redick",11,58,53,61,56,1392,1435,3,3,0,43
"21400026","LAL","Carlos Boozer, Ed Davis, Jeremy Lin, Kobe Bryant, Wesley Johnson",11,38,44,51,58,1136,1374,13,14,-1,238
"21400026","LAC","Chris Douglas-Roberts, Chris Paul, DeAndre Jordan, Jamal Crawford, JJ Redick",12,61,56,61,56,1435,1435,0,0,0,0
"21400026","LAL","Carlos Boozer, Jeremy Lin, Kobe Bryant, Robert Sacre, Wesley Johnson",12,51,58,56,61,1374,1435,5,3,2,61
"21400026","LAC","Chris Douglas-Roberts, Chris Paul, Jamal Crawford, JJ Redick, Spencer Hawes",13,61,56,62,56,1435,1440,1,0,1,5
"21400026","LAL","Carlos Boozer, Jeremy Lin, Kobe Bryant, Ronnie Price, Wesley Johnson",13,56,61,56,62,1435,1440,0,1,-1,5
"21400026","LAC","Blake Griffin, Chris Paul, DeAndre Jordan, JJ Redick, Matt Barnes",14,62,56,68,74,1440,1780,6,18,-12,340
"21400026","LAL","Carlos Boozer, Jeremy Lin, Jordan Hill, Kobe Bryant, Wesley Johnson",14,56,62,76,72,1440,1849,20,10,10,409
"21400026","LAC","Blake Griffin, Chris Paul, DeAndre Jordan, Jamal Crawford, Matt Barnes",15,68,74,72,76,1780,1849,4,2,2,69
"21400026","LAL","Ed Davis, Jeremy Lin, Jordan Hill, Kobe Bryant, Wesley Johnson",15,76,72,79,78,1849,1944,3,6,-3,95
"21400026","LAC","Blake Griffin, Chris Paul, Jamal Crawford, Matt Barnes, Spencer Hawes",16,72,76,78,79,1849,1944,6,3,3,95
"21400026","LAL","Jeremy Lin, Jordan Hill, Kobe Bryant, Robert Sacre, Wesley Johnson",16,79,78,79,78,1944,1944,0,0,0,0
"21400026","LAC","Blake Griffin, Chris Douglas-Roberts, Chris Paul, Jamal Crawford, Spencer Hawes",17,78,79,78,85,1944,2026,0,6,-6,82
"21400026","LAL","Jeremy Lin, Jordan Hill, Robert Sacre, Wayne Ellington, Wesley Johnson",17,79,78,83,78,1944,1983,4,0,4,39
"21400026","LAC","Blake Griffin, Chris Douglas-Roberts, Jamal Crawford, Jordan Farmar, Spencer Hawes",18,78,85,83,90,2026,2154,5,5,0,128
"21400026","LAL","Jeremy Lin, Jordan Clarkson, Jordan Hill, Robert Sacre, Wayne Ellington",18,83,78,87,81,1983,2069,4,3,1,86
"21400026","LAC","Blake Griffin, Jamal Crawford, JJ Redick, Jordan Farmar, Spencer Hawes",19,83,90,86,90,2154,2160,3,0,3,6
"21400026","LAL","Jordan Clarkson, Jordan Hill, Robert Sacre, Ronnie Price, Wayne Ellington",19,87,81,90,83,2069,2143,3,2,1,74
"21400026","LAC","DeAndre Jordan, Jamal Crawford, JJ Redick, Jordan Farmar, Spencer Hawes",20,86,90,93,97,2160,2328,7,7,0,168
"21400026","LAL","Ed Davis, Jordan Clarkson, Robert Sacre, Ronnie Price, Wayne Ellington",20,90,83,97,93,2143,2328,7,10,-3,185
"21400026","LAC","Chris Paul, DeAndre Jordan, Jamal Crawford, JJ Redick, Spencer Hawes",21,93,97,95,97,2328,2393,2,0,2,65
"21400026","LAL","Ed Davis, Kobe Bryant, Robert Sacre, Ronnie Price, Wayne Ellington",21,97,93,97,95,2328,2352,0,2,-2,24
"21400026","LAC","Blake Griffin, Chris Paul, DeAndre Jordan, Jamal Crawford, JJ Redick",22,95,97,118,111,2393,2880,23,14,9,487
"21400026","LAL","Ed Davis, Jordan Hill, Kobe Bryant, Ronnie Price, Wayne Ellington",22,97,95,101,99,2352,2481,4,4,0,129
"21400026","LAL","Carlos Boozer, Jordan Hill, Kobe Bryant, Ronnie Price, Wayne Ellington",23,101,99,101,99,2481,2481,0,0,0,0
"21400026","LAL","Carlos Boozer, Jordan Hill, Kobe Bryant, Wayne Ellington, Wesley Johnson",24,101,99,101,99,2481,2481,0,0,0,0
"21400026","LAL","Carlos Boozer, Jeremy Lin, Jordan Hill, Kobe Bryant, Wesley Johnson",25,101,99,106,106,2481,2618,5,7,-2,137
"21400026","LAL","Carlos Boozer, Jeremy Lin, Jordan Hill, Kobe Bryant, Wayne Ellington",26,106,106,111,118,2618,2880,5,12,-7,262
"21400027","DAL","Chandler Parsons, Dirk Nowitzki, Jameer Nelson, Monta Ellis, Tyson Chandler",0,0,0,10,20,0,421,10,20,-10,421
"21400027","NOP","Anthony Davis, Eric Gordon, Jrue Holiday, Omer Asik, Tyreke Evans",0,0,0,20,10,0,421,20,10,10,421
"21400027","DAL","Chandler Parsons, Devin Harris, Jameer Nelson, Monta Ellis, Tyson Chandler",1,10,20,10,20,421,428,0,0,0,7
"21400027","NOP","Anthony Davis, Eric Gordon, Jrue Holiday, Ryan Anderson, Tyreke Evans",1,20,10,20,10,421,428,0,0,0,7
"21400027","DAL","Al-Farouq Aminu, Chandler Parsons, Devin Harris, Jameer Nelson, Tyson Chandler",2,10,20,14,20,428,478,4,0,4,50
"21400027","NOP","Anthony Davis, Austin Rivers, Jrue Holiday, Ryan Anderson, Tyreke Evans",2,20,10,20,18,428,534,0,8,-8,106
"21400027","DAL","Al-Farouq Aminu, Brandan Wright, Chandler Parsons, Devin Harris, Jameer Nelson",3,14,20,23,28,478,617,9,8,1,139
"21400027","NOP","Anthony Davis, Austin Rivers, John Salmons, Jrue Holiday, Ryan Anderson",3,20,18,28,23,534,617,8,5,3,83
"21400027","DAL","Al-Farouq Aminu, Brandan Wright, Chandler Parsons, Devin Harris, J.J. Barea",4,23,28,26,30,617,674,3,2,1,57
"21400027","NOP","Anthony Davis, Austin Rivers, Jimmer Fredette, John Salmons, Ryan Anderson",4,28,23,30,26,617,674,2,3,-1,57
"21400027","DAL","Al-Farouq Aminu, Brandan Wright, Devin Harris, Dirk Nowitzki, J.J. Barea",5,26,30,35,45,674,1043,9,15,-6,369
"21400027","NOP","Austin Rivers, Jimmer Fredette, John Salmons, Omer Asik, Ryan Anderson",5,30,26,39,29,674,836,9,3,6,162
"21400027","DAL","Al-Farouq Aminu, Brandan Wright, Devin Harris, J.J. Barea, Tyson Chandler",6,35,45,35,45,1043,1043,0,0,0,0
"21400027","NOP","Anthony Davis, Austin Rivers, John Salmons, Omer Asik, Ryan Anderson",6,39,29,39,29,836,836,0,0,0,0
"21400027","DAL","Al-Farouq Aminu, Brandan Wright, J.J. Barea, Jameer Nelson, Tyson Chandler",7,35,45,35,45,1043,1043,0,0,0,0
"21400027","NOP","Anthony Davis, Austin Rivers, Eric Gordon, Omer Asik, Ryan Anderson",7,39,29,45,35,836,1043,6,6,0,207
"21400027","DAL","Al-Farouq Aminu, J.J. Barea, Jameer Nelson, Monta Ellis, Tyson Chandler",8,35,45,35,45,1043,1043,0,0,0,0
"21400027","NOP","Anthony Davis, Austin Rivers, Eric Gordon, Omer Asik, Tyreke Evans",8,45,35,45,35,1043,1043,0,0,0,0
"21400027","DAL","Al-Farouq Aminu, Chandler Parsons, Jameer Nelson, Monta Ellis, Tyson Chandler",9,35,45,36,45,1043,1046,1,0,1,3
"21400027","NOP","Anthony Davis, Eric Gordon, Jrue Holiday, Omer Asik, Tyreke Evans",9,45,35,53,38,1043,1156,8,3,5,113
"21400027","DAL","Chandler Parsons, Jameer Nelson, Monta Ellis, Richard Jefferson, Tyson Chandler",10,36,45,47,59,1046,1327,11,14,-3,281
"21400027","NOP","Anthony Davis, Eric Gordon, Jrue Holiday, Ryan Anderson, Tyreke Evans",10,53,38,66,52,1156,1440,13,14,-1,284
"21400027","DAL","Dirk Nowitzki, Jameer Nelson, Monta Ellis, Richard Jefferson, Tyson Chandler",11,47,59,47,59,1327,1327,0,0,0,0
"21400027","NOP","Anthony Davis, Eric Gordon, Jrue Holiday, Omer Asik, Tyreke Evans",11,66,52,74,75,1440,1907,8,23,-15,467
"21400027","DAL","Brandan Wright, Dirk Nowitzki, Jameer Nelson, Monta Ellis, Richard Jefferson",12,47,59,52,66,1327,1440,5,7,-2,113
"21400027","NOP","Anthony Davis, Eric Gordon, Jrue Holiday, Ryan Anderson, Tyreke Evans",12,74,75,74,75,1907,1907,0,0,0,0
"21400027","DAL","Chandler Parsons, Dirk Nowitzki, Jameer Nelson, Monta Ellis, Tyson Chandler",13,52,66,64,72,1440,1716,12,6,6,276
"21400027","NOP","Anthony Davis, Austin Rivers, Jrue Holiday, Ryan Anderson, Tyreke Evans",13,74,75,83,87,1907,2097,9,12,-3,190
"21400027","DAL","Chandler Parsons, Devin Harris, Jameer Nelson, Monta Ellis, Tyson Chandler",14,64,72,83,82,1716,2052,19,10,9,336
"21400027","NOP","Austin Rivers, Jrue Holiday, Omer Asik, Ryan Anderson, Tyreke Evans",14,83,87,86,89,2097,2160,3,2,1,63
"21400027","DAL","Chandler Parsons, Devin Harris, Dirk Nowitzki, Jameer Nelson, Monta Ellis",15,83,82,83,82,2052,2052,0,0,0,0
"21400027","NOP","Austin Rivers, Eric Gordon, Omer Asik, Ryan Anderson, Tyreke Evans",15,86,89,90,92,2160,2246,4,3,1,86
"21400027","DAL","Brandan Wright, Chandler Parsons, Devin Harris, Dirk Nowitzki, Monta Ellis",16,83,82,89,86,2052,2160,6,4,2,108
"21400027","NOP","Anthony Davis, Austin Rivers, Eric Gordon, Omer Asik, Ryan Anderson",16,90,92,98,94,2246,2397,8,2,6,151
"21400027","DAL","Al-Farouq Aminu, Brandan Wright, Devin Harris, Dirk Nowitzki, J.J. Barea",17,89,86,96,98,2160,2471,7,12,-5,311
"21400027","NOP","Anthony Davis, Austin Rivers, Omer Asik, Ryan Anderson, Tyreke Evans",17,98,94,98,94,2397,2397,0,0,0,0
"21400027","DAL","Al-Farouq Aminu, Devin Harris, Dirk Nowitzki, J.J. Barea, Tyson Chandler",18,96,98,96,98,2471,2471,0,0,0,0
"21400027","NOP","Anthony Davis, Jrue Holiday, Omer Asik, Ryan Anderson, Tyreke Evans",18,98,94,98,96,2397,2471,0,2,-2,74
"21400027","DAL","Al-Farouq Aminu, Chandler Parsons, Devin Harris, J.J. Barea, Tyson Chandler",19,96,98,96,98,2471,2471,0,0,0,0
"21400027","NOP","Anthony Davis, Eric Gordon, Jrue Holiday, Ryan Anderson, Tyreke Evans",19,98,96,105,100,2471,2656,7,4,3,185
"21400027","DAL","Chandler Parsons, Devin Harris, J.J. Barea, Monta Ellis, Tyson Chandler",20,96,98,98,103,2471,2551,2,5,-3,80
"21400027","NOP","Anthony Davis, Eric Gordon, Jrue Holiday, Omer Asik, Tyreke Evans",20,105,100,107,103,2656,2789,2,3,-1,133
"21400027","DAL","Chandler Parsons, Devin Harris, Jameer Nelson, Monta Ellis, Tyson Chandler",21,98,103,98,105,2551,2643,0,2,-2,92
"21400027","NOP","Anthony Davis, Jrue Holiday, Omer Asik, Ryan Anderson, Tyreke Evans",21,107,103,109,104,2789,2880,2,1,1,91
"21400027","DAL","Chandler Parsons, Devin Harris, Dirk Nowitzki, Monta Ellis, Tyson Chandler",22,98,105,102,105,2643,2693,4,0,4,50
"21400027","DAL","Chandler Parsons, Dirk Nowitzki, Jameer Nelson, Monta Ellis, Tyson Chandler",23,102,105,103,109,2693,2831,1,4,-3,138
"21400027","DAL","Al-Farouq Aminu, Dirk Nowitzki, Jameer Nelson, Monta Ellis, Tyson Chandler",24,103,109,103,109,2831,2831,0,0,0,0
"21400027","DAL","Al-Farouq Aminu, Jameer Nelson, Monta Ellis, Richard Jefferson, Tyson Chandler",25,103,109,103,109,2831,2831,0,0,0,0
"21400027","DAL","Al-Farouq Aminu, Devin Harris, Monta Ellis, Richard Jefferson, Tyson Chandler",26,103,109,104,109,2831,2880,1,0,1,49
"21400028","CHA","Al Jefferson, Kemba Walker, Lance Stephenson, Marvin Williams, Michael Kidd-Gilchrist",0,0,0,12,9,0,375,12,9,3,375
"21400028","MEM","Marc Gasol, Mike Conley, Tayshaun Prince, Tony Allen, Zach Randolph",0,0,0,8,8,0,297,8,8,0,297
"21400028","CHA","Al Jefferson, Gerald Henderson, Kemba Walker, Lance Stephenson, Marvin Williams",1,12,9,12,9,375,403,0,0,0,28
"21400028","MEM","Marc Gasol, Mike Conley, Tony Allen, Vince Carter, Zach Randolph",1,8,8,9,14,297,495,1,6,-5,198
"21400028","CHA","Al Jefferson, Cody Zeller, Gerald Henderson, Kemba Walker, Lance Stephenson",2,12,9,14,9,403,495,2,0,2,92
"21400028","MEM","Marc Gasol, Mike Conley, Quincy Pondexter, Vince Carter, Zach Randolph",2,9,14,11,17,495,564,2,3,-1,69
"21400028","CHA","Al Jefferson, Cody Zeller, Gary Neal, Gerald Henderson, Kemba Walker",3,14,9,14,9,495,495,0,0,0,0
"21400028","MEM","Kosta Koufos, Mike Conley, Quincy Pondexter, Vince Carter, Zach Randolph",3,11,17,11,17,564,598,0,0,0,34
"21400028","CHA","Cody Zeller, Gary Neal, Gerald Henderson, Jason Maxiell, Kemba Walker",4,14,9,17,11,495,598,3,2,1,103
"21400028","MEM","Beno Udrih, Kosta Koufos, Quincy Pondexter, Vince Carter, Zach Randolph",4,11,17,15,23,598,720,4,6,-2,122
"21400028","CHA","Brian Roberts, Cody Zeller, Gary Neal, Gerald Henderson, Jason Maxiell",5,17,11,26,15,598,793,9,4,5,195
"21400028","MEM","Beno Udrih, Kosta Koufos, Marc Gasol, Quincy Pondexter, Vince Carter",5,15,23,18,26,720,849,3,3,0,129
"21400028","CHA","Brian Roberts, Gary Neal, Gerald Henderson, Jason Maxiell, Marvin Williams",6,26,15,26,15,793,805,0,0,0,12
"21400028","MEM","Beno Udrih, Kosta Koufos, Marc Gasol, Quincy Pondexter, Tony Allen",6,18,26,18,28,849,982,0,2,-2,133
"21400028","CHA","Brian Roberts, Gary Neal, Jason Maxiell, Lance Stephenson, Marvin Williams",7,26,15,28,18,805,982,2,3,-1,177
"21400028","MEM","Beno Udrih, Kosta Koufos, Marc Gasol, Tayshaun Prince, Tony Allen",7,18,28,18,32,982,1078,0,4,-4,96
"21400028","CHA","Brian Roberts, Jason Maxiell, Lance Stephenson, Marvin Williams, Michael Kidd-Gilchrist",8,28,18,30,18,982,1014,2,0,2,32
"21400028","MEM","Kosta Koufos, Marc Gasol, Mike Conley, Tayshaun Prince, Tony Allen",8,18,32,20,32,1078,1162,2,0,2,84
"21400028","CHA","Al Jefferson, Brian Roberts, Lance Stephenson, Marvin Williams, Michael Kidd-Gilchrist",9,30,18,32,18,1014,1070,2,0,2,56
"21400028","MEM","Marc Gasol, Mike Conley, Tayshaun Prince, Tony Allen, Zach Randolph",9,20,32,28,34,1162,1352,8,2,6,190
"21400028","CHA","Al Jefferson, Brian Roberts, Cody Zeller, Lance Stephenson, Michael Kidd-Gilchrist",10,32,18,32,18,1070,1070,0,0,0,0
"21400028","MEM","Jon Leuer, Marc Gasol, Mike Conley, Tayshaun Prince, Tony Allen",10,28,34,30,36,1352,1438,2,2,0,86
"21400028","CHA","Al Jefferson, Cody Zeller, Kemba Walker, Lance Stephenson, Michael Kidd-Gilchrist",11,32,18,36,30,1070,1440,4,12,-8,370
"21400028","MEM","Jon Leuer, Kosta Koufos, Mike Conley, Tayshaun Prince, Tony Allen",11,30,36,30,36,1438,1440,0,0,0,2
"21400028","CHA","Al Jefferson, Kemba Walker, Lance Stephenson, Marvin Williams, Michael Kidd-Gilchrist",12,36,30,46,34,1440,1790,10,4,6,350
"21400028","MEM","Marc Gasol, Mike Conley, Tayshaun Prince, Tony Allen, Zach Randolph",12,30,36,34,44,1440,1750,4,8,-4,310
"21400028","CHA","Al Jefferson, Cody Zeller, Kemba Walker, Lance Stephenson, Michael Kidd-Gilchrist",13,46,34,46,34,1790,1844,0,0,0,54
"21400028","MEM","Marc Gasol, Mike Conley, Tony Allen, Vince Carter, Zach Randolph",13,34,44,34,46,1750,1844,0,2,-2,94
"21400028","CHA","Al Jefferson, Cody Zeller, Gerald Henderson, Kemba Walker, Lance Stephenson",14,46,34,46,38,1844,1906,0,4,-4,62
"21400028","MEM","Kosta Koufos, Mike Conley, Tony Allen, Vince Carter, Zach Randolph",14,34,46,38,46,1844,1927,4,0,4,83
"21400028","CHA","Al Jefferson, Cody Zeller, Gary Neal, Gerald Henderson, Kemba Walker",15,46,38,49,44,1906,2059,3,6,-3,153
"21400028","MEM","Kosta Koufos, Mike Conley, Quincy Pondexter, Vince Carter, Zach Randolph",15,38,46,42,49,1927,1998,4,3,1,71
"21400028","CHA","Cody Zeller, Gary Neal, Gerald Henderson, Jason Maxiell, Kemba Walker",16,49,44,49,44,2059,2059,0,0,0,0
"21400028","MEM","Jon Leuer, Kosta Koufos, Mike Conley, Quincy Pondexter, Vince Carter",16,42,49,44,49,1998,2059,2,0,2,61
"21400028","CHA","Brian Roberts, Cody Zeller, Gary Neal, Gerald Henderson, Jason Maxiell",17,49,44,51,46,2059,2160,2,2,0,101
"21400028","MEM","Beno Udrih, Jon Leuer, Kosta Koufos, Quincy Pondexter, Vince Carter",17,44,49,55,58,2059,2426,11,9,2,367
"21400028","CHA","Al Jefferson, Brian Roberts, Cody Zeller, Gary Neal, Gerald Henderson",18,51,46,58,55,2160,2436,7,9,-2,276
"21400028","MEM","Beno Udrih, Jon Leuer, Kosta Koufos, Marc Gasol, Quincy Pondexter",18,55,58,55,58,2426,2426,0,0,0,0
"21400028","CHA","Al Jefferson, Brian Roberts, Cody Zeller, Gary Neal, Marvin Williams",19,58,55,58,55,2436,2436,0,0,0,0
"21400028","MEM","Beno Udrih, Jon Leuer, Marc Gasol, Quincy Pondexter, Tony Allen",19,55,58,55,58,2426,2436,0,0,0,10
"21400028","CHA","Al Jefferson, Brian Roberts, Gary Neal, Marvin Williams, Michael Kidd-Gilchrist",20,58,55,60,59,2436,2610,2,4,-2,174
"21400028","MEM","Jon Leuer, Marc Gasol, Mike Conley, Quincy Pondexter, Tony Allen",20,55,58,55,58,2436,2436,0,0,0,0
"21400028","CHA","Al Jefferson, Gary Neal, Kemba Walker, Marvin Williams, Michael Kidd-Gilchrist",21,60,59,71,69,2610,2878,11,10,1,268
"21400028","MEM","Beno Udrih, Jon Leuer, Marc Gasol, Mike Conley, Tony Allen",21,55,58,59,60,2436,2610,4,2,2,174
"21400028","CHA","Cody Zeller, Gary Neal, Kemba Walker, Marvin Williams, Michael Kidd-Gilchrist",22,71,69,71,69,2878,2878,0,0,0,0
"21400028","MEM","Beno Udrih, Marc Gasol, Mike Conley, Tony Allen, Zach Randolph",22,59,60,69,71,2610,2822,10,11,-1,212
"21400028","CHA","Cody Zeller, Gerald Henderson, Kemba Walker, Marvin Williams, Michael Kidd-Gilchrist",23,71,69,71,69,2878,2880,0,0,0,2
"21400028","MEM","Marc Gasol, Mike Conley, Tayshaun Prince, Tony Allen, Zach Randolph",23,69,71,69,71,2822,2840,0,0,0,18
"21400028","MEM","Beno Udrih, Marc Gasol, Mike Conley, Tony Allen, Zach Randolph",24,69,71,69,71,2840,2868,0,0,0,28
"21400028","MEM","Beno Udrih, Marc Gasol, Mike Conley, Quincy Pondexter, Tony Allen",25,69,71,69,71,2868,2868,0,0,0,0
"21400028","MEM","Marc Gasol, Mike Conley, Quincy Pondexter, Tayshaun Prince, Tony Allen",26,69,71,69,71,2868,2878,0,0,0,10
"21400028","MEM","Marc Gasol, Mike Conley, Quincy Pondexter, Tony Allen, Zach Randolph",27,69,71,69,71,2878,2878,0,0,0,0
"21400028","MEM","Marc Gasol, Mike Conley, Quincy Pondexter, Vince Carter, Zach Randolph",28,69,71,69,71,2878,2878,0,0,0,0
"21400028","MEM","Beno Udrih, Marc Gasol, Mike Conley, Vince Carter, Zach Randolph",29,69,71,69,71,2878,2880,0,0,0,2
"21400029","ORL","Channing Frye, Elfrid Payton, Evan Fournier, Nikola Vucevic, Tobias Harris",0,0,0,14,13,0,351,14,13,1,351
"21400029","TOR","Amir Johnson, DeMar DeRozan, Jonas Valanciunas, Kyle Lowry, Terrence Ross",0,0,0,17,19,0,504,17,19,-2,504
"21400029","ORL","Channing Frye, Evan Fournier, Luke Ridnour, Nikola Vucevic, Tobias Harris",1,14,13,19,17,351,504,5,4,1,153
"21400029","TOR","DeMar DeRozan, Jonas Valanciunas, Kyle Lowry, Patrick Patterson, Terrence Ross",1,17,19,17,19,504,504,0,0,0,0
"21400029","ORL","Aaron Gordon, Evan Fournier, Luke Ridnour, Nikola Vucevic, Tobias Harris",2,19,17,24,19,504,549,5,2,3,45
"21400029","TOR","DeMar DeRozan, Kyle Lowry, Patrick Patterson, Terrence Ross, Tyler Hansbrough",2,17,19,17,21,504,512,0,2,-2,8
"21400029","ORL","Aaron Gordon, Ben Gordon, Luke Ridnour, Nikola Vucevic, Tobias Harris",3,24,19,27,21,549,588,3,2,1,39
"21400029","TOR","DeMar DeRozan, Kyle Lowry, Lou Williams, Patrick Patterson, Tyler Hansbrough",3,17,21,19,24,512,549,2,3,-1,37
"21400029","ORL","Aaron Gordon, Ben Gordon, Dewayne Dedmon, Luke Ridnour, Tobias Harris",4,27,21,27,21,588,588,0,0,0,0
"21400029","TOR","James Johnson, Kyle Lowry, Lou Williams, Patrick Patterson, Tyler Hansbrough",4,19,24,21,27,549,588,2,3,-1,39
"21400029","ORL","Ben Gordon, Dewayne Dedmon, Luke Ridnour, Maurice Harkless, Tobias Harris",5,27,21,29,26,588,720,2,5,-3,132
"21400029","TOR","Greivis Vasquez, James Johnson, Lou Williams, Patrick Patterson, Tyler Hansbrough",5,21,27,39,36,588,1068,18,9,9,480
"21400029","ORL","Ben Gordon, Channing Frye, Dewayne Dedmon, Elfrid Payton, Maurice Harkless",6,29,26,36,39,720,1068,7,13,-6,348
"21400029","TOR","DeMar DeRozan, Greivis Vasquez, James Johnson, Lou Williams, Patrick Patterson",6,39,36,39,36,1068,1068,0,0,0,0
"21400029","ORL","Ben Gordon, Channing Frye, Elfrid Payton, Maurice Harkless, Nikola Vucevic",7,36,39,38,41,1068,1175,2,2,0,107
"21400029","TOR","DeMar DeRozan, Greivis Vasquez, James Johnson, Kyle Lowry, Patrick Patterson",7,39,36,39,36,1068,1068,0,0,0,0
"21400029","ORL","Channing Frye, Elfrid Payton, Maurice Harkless, Nikola Vucevic, Tobias Harris",8,38,41,38,41,1175,1175,0,0,0,0
"21400029","TOR","DeMar DeRozan, Greivis Vasquez, Kyle Lowry, Patrick Patterson, Terrence Ross",8,39,36,39,36,1068,1068,0,0,0,0
"21400029","ORL","Channing Frye, Elfrid Payton, Evan Fournier, Nikola Vucevic, Tobias Harris",9,38,41,40,43,1175,1221,2,2,0,46
"21400029","TOR","Amir Johnson, DeMar DeRozan, Kyle Lowry, Patrick Patterson, Terrence Ross",9,39,36,41,38,1068,1175,2,2,0,107
"21400029","ORL","Aaron Gordon, Elfrid Payton, Evan Fournier, Nikola Vucevic, Tobias Harris",10,40,43,47,47,1221,1296,7,4,3,75
"21400029","TOR","Amir Johnson, DeMar DeRozan, Jonas Valanciunas, Kyle Lowry, Terrence Ross",10,41,38,47,49,1175,1311,6,11,-5,136
"21400029","ORL","Aaron Gordon, Evan Fournier, Luke Ridnour, Nikola Vucevic, Tobias Harris",11,47,47,49,52,1296,1440,2,5,-3,144
"21400029","TOR","DeMar DeRozan, Jonas Valanciunas, Kyle Lowry, Patrick Patterson, Terrence Ross",11,47,49,52,49,1311,1440,5,0,5,129
"21400029","ORL","Channing Frye, Elfrid Payton, Evan Fournier, Nikola Vucevic, Tobias Harris",12,49,52,61,64,1440,1673,12,12,0,233
"21400029","TOR","Amir Johnson, DeMar DeRozan, Jonas Valanciunas, Kyle Lowry, Terrence Ross",12,52,49,66,69,1440,1815,14,20,-6,375
"21400029","ORL","Ben Gordon, Channing Frye, Elfrid Payton, Nikola Vucevic, Tobias Harris",13,61,64,72,70,1673,1843,11,6,5,170
"21400029","TOR","DeMar DeRozan, Jonas Valanciunas, Kyle Lowry, Patrick Patterson, Terrence Ross",13,66,69,70,75,1815,1908,4,6,-2,93
"21400029","ORL","Ben Gordon, Elfrid Payton, Maurice Harkless, Nikola Vucevic, Tobias Harris",14,72,70,73,70,1843,1847,1,0,1,4
"21400029","TOR","DeMar DeRozan, Greivis Vasquez, Jonas Valanciunas, Kyle Lowry, Patrick Patterson",14,70,75,70,76,1908,1942,0,1,-1,34
"21400029","ORL","Ben Gordon, Luke Ridnour, Maurice Harkless, Nikola Vucevic, Tobias Harris",15,73,70,87,78,1847,2160,14,8,6,313
"21400029","TOR","DeMar DeRozan, Greivis Vasquez, Kyle Lowry, Patrick Patterson, Tyler Hansbrough",15,70,76,70,76,1942,1942,0,0,0,0
"21400029","ORL","Ben Gordon, Channing Frye, Dewayne Dedmon, Elfrid Payton, Maurice Harkless",16,87,78,91,84,2160,2345,4,6,-2,185
"21400029","TOR","Greivis Vasquez, Kyle Lowry, Lou Williams, Patrick Patterson, Tyler Hansbrough",16,70,76,76,80,1942,2065,6,4,2,123
"21400029","ORL","Ben Gordon, Channing Frye, Dewayne Dedmon, Luke Ridnour, Maurice Harkless",17,91,84,93,84,2345,2429,2,0,2,84
"21400029","TOR","Greivis Vasquez, James Johnson, Lou Williams, Patrick Patterson, Tyler Hansbrough",17,76,80,84,93,2065,2429,8,13,-5,364
"21400029","ORL","Ben Gordon, Dewayne Dedmon, Evan Fournier, Luke Ridnour, Maurice Harkless",18,93,84,93,84,2429,2429,0,0,0,0
"21400029","TOR","Greivis Vasquez, James Johnson, Kyle Lowry, Patrick Patterson, Tyler Hansbrough",18,84,93,84,93,2429,2429,0,0,0,0
"21400029","ORL","Ben Gordon, Evan Fournier, Luke Ridnour, Maurice Harkless, Nikola Vucevic",19,93,84,93,84,2429,2429,0,0,0,0
"21400029","TOR","DeMar DeRozan, James Johnson, Kyle Lowry, Patrick Patterson, Tyler Hansbrough",19,84,93,85,93,2429,2514,1,0,1,85
"21400029","ORL","Ben Gordon, Evan Fournier, Luke Ridnour, Nikola Vucevic, Tobias Harris",20,93,84,93,84,2429,2494,0,0,0,65
"21400029","TOR","DeMar DeRozan, James Johnson, Jonas Valanciunas, Kyle Lowry, Patrick Patterson",20,85,93,85,93,2514,2514,0,0,0,0
"21400029","ORL","Ben Gordon, Elfrid Payton, Evan Fournier, Nikola Vucevic, Tobias Harris",21,93,84,93,84,2494,2494,0,0,0,0
"21400029","TOR","DeMar DeRozan, James Johnson, Jonas Valanciunas, Kyle Lowry, Terrence Ross",21,85,93,88,93,2514,2561,3,0,3,47
"21400029","ORL","Elfrid Payton, Evan Fournier, Maurice Harkless, Nikola Vucevic, Tobias Harris",22,93,84,93,88,2494,2561,0,4,-4,67
"21400029","TOR","Amir Johnson, DeMar DeRozan, Jonas Valanciunas, Kyle Lowry, Terrence Ross",22,88,93,91,106,2561,2754,3,13,-10,193
"21400029","ORL","Channing Frye, Elfrid Payton, Evan Fournier, Nikola Vucevic, Tobias Harris",23,93,88,106,91,2561,2754,13,3,10,193
"21400029","TOR","Amir Johnson, DeMar DeRozan, James Johnson, Kyle Lowry, Terrence Ross",23,91,106,93,108,2754,2787,2,2,0,33
"21400029","ORL","Ben Gordon, Channing Frye, Elfrid Payton, Evan Fournier, Tobias Harris",24,106,91,108,93,2754,2787,2,2,0,33
"21400029","TOR","Amir Johnson, Greivis Vasquez, James Johnson, Kyle Lowry, Terrence Ross",24,93,108,93,108,2787,2814,0,0,0,27
"21400029","ORL","Ben Gordon, Channing Frye, Dewayne Dedmon, Elfrid Payton, Evan Fournier",25,108,93,108,93,2787,2787,0,0,0,0
"21400029","TOR","Amir Johnson, Greivis Vasquez, James Johnson, Landry Fields, Terrence Ross",25,93,108,95,108,2814,2880,2,0,2,66
"21400029","ORL","Ben Gordon, Devyn Marble, Dewayne Dedmon, Elfrid Payton, Evan Fournier",26,108,93,108,93,2787,2787,0,0,0,0
"21400029","ORL","Aaron Gordon, Ben Gordon, Devyn Marble, Dewayne Dedmon, Elfrid Payton",27,108,93,108,93,2787,2787,0,0,0,0
"21400029","ORL","Aaron Gordon, Andrew Nicholson, Ben Gordon, Devyn Marble, Dewayne Dedmon",28,108,93,108,93,2787,2787,0,0,0,0
"21400029","ORL","Aaron Gordon, Andrew Nicholson, Devyn Marble, Dewayne Dedmon, Maurice Harkless",29,108,93,108,95,2787,2880,0,2,-2,93
"21400030","MIA","Chris Bosh, Dwyane Wade, Luol Deng, Norris Cole, Shawne Williams",0,0,0,11,10,0,324,11,10,1,324
"21400030","PHI","Henry Sims, Hollis Thompson, Luc Mbah a Moute, Nerlens Noel, Tony Wroten",0,0,0,13,11,0,372,13,11,2,372
"21400030","MIA","Chris Andersen, Dwyane Wade, Luol Deng, Norris Cole, Shawne Williams",1,11,10,13,13,324,427,2,3,-1,103
"21400030","PHI","Brandon Davies, Henry Sims, Hollis Thompson, Nerlens Noel, Tony Wroten",1,13,11,13,11,372,372,0,0,0,0
"21400030","MIA","Chris Andersen, Dwyane Wade, Luol Deng, Mario Chalmers, Shawne Williams",2,13,13,15,16,427,469,2,3,-1,42
"21400030","PHI","Brandon Davies, Henry Sims, Hollis Thompson, Malcolm Thomas, Tony Wroten",2,13,11,13,11,372,372,0,0,0,0
"21400030","MIA","Chris Andersen, Luol Deng, Mario Chalmers, Shabazz Napier, Shawne Williams",3,15,16,17,19,469,511,2,3,-1,42
"21400030","PHI","Brandon Davies, Chris Johnson, Hollis Thompson, Malcolm Thomas, Tony Wroten",3,13,11,13,13,372,427,0,2,-2,55
"21400030","MIA","Chris Andersen, Chris Bosh, Luol Deng, Mario Chalmers, Shabazz Napier",4,17,19,22,22,511,565,5,3,2,54
"21400030","PHI","Brandon Davies, Chris Johnson, KJ McDaniels, Malcolm Thomas, Tony Wroten",4,13,13,13,13,427,427,0,0,0,0
"21400030","MIA","Chris Andersen, Chris Bosh, James Ennis III, Mario Chalmers, Shabazz Napier",5,22,22,30,32,565,720,8,10,-2,155
"21400030","PHI","Alexey Shved, Brandon Davies, Chris Johnson, KJ McDaniels, Malcolm Thomas",5,13,13,31,28,427,690,18,15,3,263
"21400030","MIA","Chris Bosh, James Ennis III, Josh McRoberts, Mario Chalmers, Shabazz Napier",6,30,32,37,39,720,892,7,7,0,172
"21400030","PHI","Alexey Shved, Brandon Davies, Chris Johnson, KJ McDaniels, Nerlens Noel",6,31,28,36,33,690,772,5,5,0,82
"21400030","MIA","Chris Bosh, Dwyane Wade, Josh McRoberts, Mario Chalmers, Shabazz Napier",7,37,39,41,39,892,950,4,0,4,58
"21400030","PHI","Alexey Shved, Chris Johnson, Henry Sims, KJ McDaniels, Nerlens Noel",7,36,33,39,37,772,892,3,4,-1,120
"21400030","MIA","Chris Bosh, Dwyane Wade, Josh McRoberts, Mario Chalmers, Norris Cole",8,41,39,43,44,950,1020,2,5,-3,70
"21400030","PHI","Alexey Shved, Henry Sims, Hollis Thompson, KJ McDaniels, Nerlens Noel",8,39,37,39,37,892,892,0,0,0,0
"21400030","MIA","Chris Bosh, Dwyane Wade, Mario Chalmers, Norris Cole, Shawne Williams",9,43,44,44,44,1020,1032,1,0,1,12
"21400030","PHI","Alexey Shved, Henry Sims, Hollis Thompson, Luc Mbah a Moute, Nerlens Noel",9,39,37,39,39,892,922,0,2,-2,30
"21400030","MIA","Chris Andersen, Dwyane Wade, Mario Chalmers, Norris Cole, Shawne Williams",10,44,44,47,47,1032,1107,3,3,0,75
"21400030","PHI","Henry Sims, Hollis Thompson, Luc Mbah a Moute, Nerlens Noel, Tony Wroten",10,39,39,44,43,922,1020,5,4,1,98
"21400030","MIA","Chris Andersen, Dwyane Wade, Luol Deng, Norris Cole, Shawne Williams",11,47,47,50,52,1107,1237,3,5,-2,130
"21400030","PHI","Brandon Davies, Henry Sims, Hollis Thompson, Luc Mbah a Moute, Tony Wroten",11,44,43,52,50,1020,1234,8,7,1,214
"21400030","MIA","Chris Bosh, Dwyane Wade, Luol Deng, Norris Cole, Shawne Williams",12,50,52,54,57,1237,1353,4,5,-1,116
"21400030","PHI","Brandon Davies, Henry Sims, Hollis Thompson, Malcolm Thomas, Tony Wroten",12,52,50,52,50,1234,1234,0,0,0,0
"21400030","MIA","Chris Andersen, Chris Bosh, Dwyane Wade, Luol Deng, Norris Cole",13,54,57,54,60,1353,1437,0,3,-3,84
"21400030","PHI","Brandon Davies, Hollis Thompson, KJ McDaniels, Malcolm Thomas, Tony Wroten",13,52,50,56,54,1234,1313,4,4,0,79
"21400030","MIA","Chris Bosh, Dwyane Wade, Luol Deng, Norris Cole, Shawne Williams",14,54,60,54,60,1437,1437,0,0,0,0
"21400030","PHI","Hollis Thompson, KJ McDaniels, Malcolm Thomas, Nerlens Noel, Tony Wroten",14,56,54,60,54,1313,1437,4,0,4,124
"21400030","MIA","Chris Bosh, Dwyane Wade, Josh McRoberts, Norris Cole, Shawne Williams",15,54,60,54,60,1437,1437,0,0,0,0
"21400030","PHI","Hollis Thompson, KJ McDaniels, Luc Mbah a Moute, Malcolm Thomas, Nerlens Noel",15,60,54,60,54,1437,1440,0,0,0,3
"21400030","MIA","Chris Bosh, Dwyane Wade, Josh McRoberts, Mario Chalmers, Norris Cole",16,54,60,54,60,1437,1439,0,0,0,2
"21400030","PHI","Henry Sims, Hollis Thompson, Luc Mbah a Moute, Nerlens Noel, Tony Wroten",16,60,54,72,63,1440,1708,12,9,3,268
"21400030","MIA","Chris Bosh, Dwyane Wade, Josh McRoberts, Luol Deng, Norris Cole",17,54,60,54,60,1439,1440,0,0,0,1
"21400030","PHI","Chris Johnson, Henry Sims, Hollis Thompson, Nerlens Noel, Tony Wroten",17,72,63,72,63,1708,1708,0,0,0,0
"21400030","MIA","Chris Bosh, Dwyane Wade, Luol Deng, Norris Cole, Shawne Williams",18,54,60,68,72,1440,1751,14,12,2,311
"21400030","PHI","Brandon Davies, Chris Johnson, Henry Sims, Hollis Thompson, Tony Wroten",18,72,63,77,72,1708,1833,5,9,-4,125
"21400030","MIA","Chris Andersen, Chris Bosh, Dwyane Wade, Luol Deng, Norris Cole",19,68,72,78,80,1751,1928,10,8,2,177
"21400030","PHI","Brandon Davies, Chris Johnson, Hollis Thompson, Malcolm Thomas, Tony Wroten",19,77,72,77,72,1833,1833,0,0,0,0
"21400030","MIA","Chris Andersen, Dwyane Wade, Josh McRoberts, Luol Deng, Norris Cole",20,78,80,80,80,1928,1941,2,0,2,13
"21400030","PHI","Brandon Davies, Chris Johnson, KJ McDaniels, Malcolm Thomas, Tony Wroten",20,77,72,82,83,1833,1982,5,11,-6,149
"21400030","MIA","Chris Andersen, Josh McRoberts, Luol Deng, Mario Chalmers, Norris Cole",21,80,80,83,85,1941,2087,3,5,-2,146
"21400030","PHI","Alexey Shved, Brandon Davies, Chris Johnson, KJ McDaniels, Malcolm Thomas",21,82,83,87,83,1982,2160,5,0,5,178
"21400030","MIA","Chris Bosh, Josh McRoberts, Luol Deng, Mario Chalmers, Norris Cole",22,83,85,83,87,2087,2160,0,2,-2,73
"21400030","PHI","Alexey Shved, Brandon Davies, Chris Johnson, Hollis Thompson, Malcolm Thomas",22,87,83,89,83,2160,2248,2,0,2,88
"21400030","MIA","Chris Bosh, Josh McRoberts, Luol Deng, Mario Chalmers, Shabazz Napier",23,83,87,85,89,2160,2295,2,2,0,135
"21400030","PHI","Alexey Shved, Chris Johnson, Hollis Thompson, Malcolm Thomas, Tony Wroten",23,89,83,89,83,2248,2248,0,0,0,0
"21400030","MIA","Chris Bosh, Josh McRoberts, Mario Chalmers, Shabazz Napier, Shawne Williams",24,85,89,85,89,2295,2295,0,0,0,0
"21400030","PHI","Chris Johnson, Henry Sims, Hollis Thompson, Malcolm Thomas, Tony Wroten",24,89,83,89,83,2248,2266,0,0,0,18
"21400030","MIA","Chris Bosh, Dwyane Wade, Mario Chalmers, Shabazz Napier, Shawne Williams",25,85,89,85,91,2295,2358,0,2,-2,63
"21400030","PHI","Chris Johnson, Henry Sims, Hollis Thompson, Nerlens Noel, Tony Wroten",25,89,83,89,85,2266,2332,0,2,-2,66
"21400030","MIA","Dwyane Wade, Justin Hamilton, Mario Chalmers, Shabazz Napier, Shawne Williams",26,85,91,92,101,2358,2580,7,10,-3,222
"21400030","PHI","Henry Sims, Hollis Thompson, Luc Mbah a Moute, Nerlens Noel, Tony Wroten",26,89,85,99,88,2332,2505,10,3,7,173
"21400030","MIA","Chris Bosh, Dwyane Wade, Mario Chalmers, Shabazz Napier, Shawne Williams",27,92,101,94,112,2580,2733,2,11,-9,153
"21400030","PHI","Chris Johnson, Henry Sims, Hollis Thompson, Nerlens Noel, Tony Wroten",27,99,88,105,92,2505,2629,6,4,2,124
"21400030","MIA","Chris Bosh, James Ennis III, Mario Chalmers, Shabazz Napier, Shawne Williams",28,94,112,94,112,2733,2754,0,0,0,21
"21400030","PHI","Henry Sims, Hollis Thompson, KJ McDaniels, Nerlens Noel, Tony Wroten",28,105,92,108,92,2629,2680,3,0,3,51
"21400030","MIA","James Ennis III, Justin Hamilton, Mario Chalmers, Shabazz Napier, Shawne Williams",29,94,112,94,112,2754,2770,0,0,0,16
"21400030","PHI","Brandon Davies, Hollis Thompson, KJ McDaniels, Nerlens Noel, Tony Wroten",29,108,92,110,92,2680,2692,2,0,2,12
"21400030","MIA","Andre Dawkins, James Ennis III, Justin Hamilton, Shabazz Napier, Shawne Williams",30,94,112,96,114,2770,2880,2,2,0,110
"21400030","PHI","Brandon Davies, Hollis Thompson, KJ McDaniels, Malcolm Thomas, Tony Wroten",30,110,92,112,94,2692,2733,2,2,0,41
"21400030","PHI","Brandon Davies, JaKarr Sampson, KJ McDaniels, Malcolm Thomas, Tony Wroten",31,112,94,112,94,2733,2754,0,0,0,21
"21400030","PHI","Alexey Shved, Brandon Davies, JaKarr Sampson, KJ McDaniels, Malcolm Thomas",32,112,94,114,96,2754,2880,2,2,0,126
"21400031","MIL","Brandon Knight, Jabari Parker, Jared Dudley, Khris Middleton, Larry Sanders",0,0,0,16,9,0,367,16,9,7,367
"21400031","WAS","Garrett Temple, John Wall, Marcin Gortat, Nene, Paul Pierce",0,0,0,9,20,0,439,9,20,-11,439
"21400031","MIL","Brandon Knight, Jabari Parker, Jared Dudley, Khris Middleton, Zaza Pachulia",1,16,9,16,9,367,367,0,0,0,0
"21400031","WAS","Garrett Temple, John Wall, Kris Humphries, Marcin Gortat, Paul Pierce",1,9,20,9,20,439,439,0,0,0,0
"21400031","MIL","Brandon Knight, Jabari Parker, Jared Dudley, O.J. Mayo, Zaza Pachulia",2,16,9,16,9,367,367,0,0,0,0
"21400031","WAS","Garrett Temple, John Wall, Kris Humphries, Marcin Gortat, Otto Porter Jr.",2,9,20,11,25,439,574,2,5,-3,135
"21400031","MIL","Brandon Knight, Jared Dudley, John Henson, O.J. Mayo, Zaza Pachulia",3,16,9,20,9,367,465,4,0,4,98
"21400031","WAS","Glen Rice, John Wall, Kris Humphries, Marcin Gortat, Otto Porter Jr.",3,11,25,11,25,574,591,0,0,0,17
"21400031","MIL","Brandon Knight, Giannis Antetokounmpo, John Henson, O.J. Mayo, Zaza Pachulia",4,20,9,23,11,465,556,3,2,1,91
"21400031","WAS","Drew Gooden, Glen Rice, John Wall, Kris Humphries, Otto Porter Jr.",4,11,25,11,27,591,634,0,2,-2,43
"21400031","MIL","Brandon Knight, Giannis Antetokounmpo, Jerryd Bayless, John Henson, Zaza Pachulia",5,23,11,29,17,556,720,6,6,0,164
"21400031","WAS","Andre Miller, Drew Gooden, Glen Rice, Kris Humphries, Otto Porter Jr.",5,11,27,24,31,634,864,13,4,9,230
"21400031","MIL","Ersan Ilyasova, Giannis Antetokounmpo, Jerryd Bayless, John Henson, Kendall Marshall",6,29,17,31,24,720,864,2,7,-5,144
"21400031","WAS","Andre Miller, Drew Gooden, Glen Rice, Nene, Otto Porter Jr.",6,24,31,24,31,864,864,0,0,0,0
"21400031","MIL","Ersan Ilyasova, Giannis Antetokounmpo, Jerryd Bayless, Kendall Marshall, Larry Sanders",7,31,24,37,27,864,1037,6,3,3,173
"21400031","WAS","Andre Miller, Drew Gooden, Nene, Otto Porter Jr., Paul Pierce",7,24,31,24,31,864,917,0,0,0,53
"21400031","MIL","Ersan Ilyasova, Jabari Parker, Jerryd Bayless, Kendall Marshall, Larry Sanders",8,37,27,37,27,1037,1037,0,0,0,0
"21400031","WAS","Drew Gooden, John Wall, Nene, Otto Porter Jr., Paul Pierce",8,24,31,27,31,917,947,3,0,3,30
"21400031","MIL","Ersan Ilyasova, Jabari Parker, Kendall Marshall, Khris Middleton, Larry Sanders",9,37,27,39,27,1037,1075,2,0,2,38
"21400031","WAS","John Wall, Marcin Gortat, Nene, Otto Porter Jr., Paul Pierce",9,27,31,31,41,947,1188,4,10,-6,241
"21400031","MIL","Brandon Knight, Ersan Ilyasova, Jabari Parker, Khris Middleton, Larry Sanders",10,39,27,41,29,1075,1135,2,2,0,60
"21400031","WAS","Garrett Temple, John Wall, Marcin Gortat, Nene, Paul Pierce",10,31,41,41,49,1188,1420,10,8,2,232
"21400031","MIL","Brandon Knight, Ersan Ilyasova, Jabari Parker, Khris Middleton, Zaza Pachulia",11,41,29,49,44,1135,1440,8,15,-7,305
"21400031","WAS","Garrett Temple, John Wall, Marcin Gortat, Otto Porter Jr., Paul Pierce",11,41,49,44,49,1420,1433,3,0,3,13
"21400031","MIL","Brandon Knight, Jabari Parker, Jared Dudley, Khris Middleton, Larry Sanders",12,49,44,65,57,1440,1819,16,13,3,379
"21400031","WAS","Garrett Temple, Glen Rice, John Wall, Marcin Gortat, Otto Porter Jr.",12,44,49,44,49,1433,1440,0,0,0,7
"21400031","MIL","Brandon Knight, Ersan Ilyasova, Jabari Parker, Khris Middleton, Larry Sanders",13,65,57,70,60,1819,1908,5,3,2,89
"21400031","WAS","Garrett Temple, John Wall, Marcin Gortat, Nene, Otto Porter Jr.",13,44,49,60,70,1440,1907,16,21,-5,467
"21400031","MIL","Brandon Knight, Ersan Ilyasova, Jabari Parker, Larry Sanders, O.J. Mayo",14,70,60,74,63,1908,1970,4,3,1,62
"21400031","WAS","Drew Gooden, Garrett Temple, John Wall, Marcin Gortat, Otto Porter Jr.",14,60,70,68,83,1907,2160,8,13,-5,253
"21400031","MIL","Brandon Knight, Ersan Ilyasova, Jabari Parker, O.J. Mayo, Zaza Pachulia",15,74,63,74,63,1970,1970,0,0,0,0
"21400031","WAS","Andre Miller, Drew Gooden, Garrett Temple, Marcin Gortat, Otto Porter Jr.",15,68,83,76,89,2160,2388,8,6,2,228
"21400031","MIL","Brandon Knight, Ersan Ilyasova, Giannis Antetokounmpo, O.J. Mayo, Zaza Pachulia",16,74,63,80,66,1970,2115,6,3,3,145
"21400031","WAS","Andre Miller, DeJuan Blair, Garrett Temple, Marcin Gortat, Otto Porter Jr.",16,76,89,76,89,2388,2388,0,0,0,0
"21400031","MIL","Ersan Ilyasova, Giannis Antetokounmpo, Jerryd Bayless, O.J. Mayo, Zaza Pachulia",17,80,66,83,68,2115,2160,3,2,1,45
"21400031","WAS","Andre Miller, DeJuan Blair, Garrett Temple, Nene, Otto Porter Jr.",17,76,89,83,93,2388,2479,7,4,3,91
"21400031","MIL","Jabari Parker, Jerryd Bayless, John Henson, Khris Middleton, O.J. Mayo",18,83,68,89,76,2160,2388,6,8,-2,228
"21400031","WAS","DeJuan Blair, Garrett Temple, John Wall, Nene, Otto Porter Jr.",18,83,93,90,98,2479,2633,7,5,2,154
"21400031","MIL","Brandon Knight, Jabari Parker, Jerryd Bayless, John Henson, O.J. Mayo",19,89,76,98,90,2388,2633,9,14,-5,245
"21400031","WAS","Garrett Temple, John Wall, Marcin Gortat, Nene, Otto Porter Jr.",19,90,98,97,108,2633,2880,7,10,-3,247
"21400031","MIL","Brandon Knight, Jabari Parker, Jerryd Bayless, Larry Sanders, O.J. Mayo",20,98,90,108,97,2633,2880,10,7,3,247
"21400032","ATL","Al Horford, DeMarre Carroll, Jeff Teague, Kyle Korver, Paul Millsap",0,0,0,11,15,0,304,11,15,-4,304
"21400032","IND","CJ Miles, Donald Sloan, Luis Scola, Roy Hibbert, Solomon Hill",0,0,0,15,11,0,304,15,11,4,304
"21400032","ATL","DeMarre Carroll, Jeff Teague, Kyle Korver, Paul Millsap, Pero Antic",1,11,15,11,15,304,446,0,0,0,142
"21400032","IND","CJ Miles, Luis Scola, Rodney Stuckey, Roy Hibbert, Solomon Hill",1,15,11,19,11,304,509,4,0,4,205
"21400032","ATL","DeMarre Carroll, Jeff Teague, Kent Bazemore, Paul Millsap, Pero Antic",2,11,15,11,19,446,509,0,4,-4,63
"21400032","IND","Chris Copeland, CJ Miles, Luis Scola, Rodney Stuckey, Roy Hibbert",2,19,11,22,11,509,525,3,0,3,16
"21400032","ATL","Jeff Teague, Kent Bazemore, Paul Millsap, Pero Antic, Thabo Sefolosha",3,11,19,13,22,509,575,2,3,-1,66
"21400032","IND","Chris Copeland, CJ Miles, Lavoy Allen, Rodney Stuckey, Roy Hibbert",3,22,11,25,13,525,669,3,2,1,144
"21400032","ATL","Jeff Teague, Kent Bazemore, Pero Antic, Shelvin Mack, Thabo Sefolosha",4,13,22,13,22,575,575,0,0,0,0
"21400032","IND","Chris Copeland, CJ Miles, Lavoy Allen, Roy Hibbert, Solomon Hill",4,25,13,27,18,669,720,2,5,-3,51
"21400032","ATL","Kent Bazemore, Mike Scott, Pero Antic, Shelvin Mack, Thabo Sefolosha",5,13,22,13,25,575,669,0,3,-3,94
"21400032","IND","Chris Copeland, Damjan Rudez, Donald Sloan, Ian Mahinmi, Lavoy Allen",5,27,18,46,32,720,1166,19,14,5,446
"21400032","ATL","Al Horford, Kent Bazemore, Mike Scott, Shelvin Mack, Thabo Sefolosha",6,13,25,23,40,669,989,10,15,-5,320
"21400032","IND","Chris Copeland, Damjan Rudez, Donald Sloan, Lavoy Allen, Roy Hibbert",6,46,32,46,32,1166,1166,0,0,0,0
"21400032","ATL","Al Horford, Jeff Teague, Mike Scott, Shelvin Mack, Thabo Sefolosha",7,23,40,23,40,989,989,0,0,0,0
"21400032","IND","Chris Copeland, Donald Sloan, Lavoy Allen, Roy Hibbert, Solomon Hill",7,46,32,49,41,1166,1380,3,9,-6,214
"21400032","ATL","Al Horford, DeMarre Carroll, Jeff Teague, Mike Scott, Shelvin Mack",8,23,40,23,40,989,989,0,0,0,0
"21400032","IND","Chris Copeland, Donald Sloan, Luis Scola, Roy Hibbert, Solomon Hill",8,49,41,51,44,1380,1440,2,3,-1,60
"21400032","ATL","Al Horford, DeMarre Carroll, Jeff Teague, Kyle Korver, Mike Scott",9,23,40,26,40,989,1005,3,0,3,16
"21400032","IND","CJ Miles, Donald Sloan, Luis Scola, Roy Hibbert, Solomon Hill",9,51,44,63,52,1440,1778,12,8,4,338
"21400032","ATL","DeMarre Carroll, Jeff Teague, Kyle Korver, Mike Scott, Pero Antic",10,26,40,26,42,1005,1046,0,2,-2,41
"21400032","IND","Chris Copeland, Donald Sloan, Luis Scola, Roy Hibbert, Solomon Hill",10,63,52,63,52,1778,1824,0,0,0,46
"21400032","ATL","DeMarre Carroll, Jeff Teague, Kyle Korver, Paul Millsap, Pero Antic",11,26,42,39,48,1046,1310,13,6,7,264
"21400032","IND","Chris Copeland, CJ Miles, Donald Sloan, Luis Scola, Roy Hibbert",11,63,52,69,59,1824,2039,6,7,-1,215
"21400032","ATL","Al Horford, DeMarre Carroll, Jeff Teague, Kyle Korver, Paul Millsap",12,39,48,44,51,1310,1410,5,3,2,100
"21400032","IND","Chris Copeland, Damjan Rudez, Donald Sloan, Luis Scola, Roy Hibbert",12,69,59,69,59,2039,2039,0,0,0,0
"21400032","ATL","Al Horford, DeMarre Carroll, Jeff Teague, Kent Bazemore, Paul Millsap",13,44,51,44,51,1410,1440,0,0,0,30
"21400032","IND","Chris Copeland, Damjan Rudez, Luis Scola, Roy Hibbert, Solomon Hill",13,69,59,70,60,2039,2060,1,1,0,21
"21400032","ATL","Al Horford, DeMarre Carroll, Jeff Teague, Kyle Korver, Paul Millsap",14,44,51,49,63,1440,1745,5,12,-7,305
"21400032","IND","Chris Copeland, Damjan Rudez, Lavoy Allen, Roy Hibbert, Solomon Hill",14,70,60,70,63,2060,2160,0,3,-3,100
"21400032","ATL","DeMarre Carroll, Jeff Teague, Kyle Korver, Paul Millsap, Pero Antic",15,49,63,52,63,1745,1778,3,0,3,33
"21400032","IND","Chris Copeland, Damjan Rudez, Ian Mahinmi, Lavoy Allen, Solomon Hill",15,70,63,75,65,2160,2252,5,2,3,92
"21400032","ATL","DeMarre Carroll, Jeff Teague, Kent Bazemore, Paul Millsap, Pero Antic",16,52,63,56,63,1778,1909,4,0,4,131
"21400032","IND","Chris Copeland, Donald Sloan, Ian Mahinmi, Lavoy Allen, Solomon Hill",16,75,65,83,74,2252,2492,8,9,-1,240
"21400032","ATL","DeMarre Carroll, Kent Bazemore, Paul Millsap, Pero Antic, Shelvin Mack",17,56,63,59,69,1909,2039,3,6,-3,130
"21400032","IND","Chris Copeland, Donald Sloan, Ian Mahinmi, Luis Scola, Solomon Hill",17,83,74,83,74,2492,2492,0,0,0,0
"21400032","ATL","Kent Bazemore, Paul Millsap, Pero Antic, Shelvin Mack, Thabo Sefolosha",18,59,69,59,69,2039,2039,0,0,0,0
"21400032","IND","Chris Copeland, Donald Sloan, Luis Scola, Roy Hibbert, Solomon Hill",18,83,74,99,92,2492,2854,16,18,-2,362
"21400032","ATL","Kent Bazemore, Mike Scott, Pero Antic, Shelvin Mack, Thabo Sefolosha",19,59,69,60,70,2039,2060,1,1,0,21
"21400032","IND","Chris Copeland, CJ Miles, Donald Sloan, Roy Hibbert, Solomon Hill",19,99,92,102,92,2854,2880,3,0,3,26
"21400032","ATL","Al Horford, Kent Bazemore, Mike Scott, Shelvin Mack, Thabo Sefolosha",20,60,70,63,70,2060,2160,3,0,3,100
"21400032","ATL","Al Horford, Kyle Korver, Mike Scott, Shelvin Mack, Thabo Sefolosha",21,63,70,71,80,2160,2408,8,10,-2,248
"21400032","ATL","Al Horford, Kyle Korver, Mike Scott, Paul Millsap, Shelvin Mack",22,71,80,71,80,2408,2408,0,0,0,0
"21400032","ATL","Al Horford, DeMarre Carroll, Kyle Korver, Mike Scott, Paul Millsap",23,71,80,71,80,2408,2408,0,0,0,0
"21400032","ATL","Al Horford, DeMarre Carroll, Jeff Teague, Kyle Korver, Paul Millsap",24,71,80,71,80,2408,2427,0,0,0,19
"21400032","ATL","DeMarre Carroll, Jeff Teague, Kyle Korver, Paul Millsap, Pero Antic",25,71,80,81,89,2427,2650,10,9,1,223
"21400032","ATL","Al Horford, DeMarre Carroll, Jeff Teague, Kyle Korver, Paul Millsap",26,81,89,92,102,2650,2880,11,13,-2,230
"21400033","BKN","Bojan Bogdanovic, Deron Williams, Joe Johnson, Kevin Garnett, Mason Plumlee",0,0,0,11,11,0,269,11,11,0,269
"21400033","DET","Andre Drummond, Brandon Jennings, Josh Smith, Kentavious Caldwell-Pope, Kyle Singler",0,0,0,11,11,0,269,11,11,0,269
"21400033","BKN","Alan Anderson, Deron Williams, Joe Johnson, Kevin Garnett, Mason Plumlee",1,11,11,13,13,269,360,2,2,0,91
"21400033","DET","Andre Drummond, Brandon Jennings, Greg Monroe, Kentavious Caldwell-Pope, Kyle Singler",1,11,11,20,15,269,456,9,4,5,187
"21400033","BKN","Alan Anderson, Deron Williams, Joe Johnson, Mason Plumlee, Mirza Teletovic",2,13,13,17,20,360,465,4,7,-3,105
"21400033","DET","Brandon Jennings, Greg Monroe, Josh Smith, Kentavious Caldwell-Pope, Kyle Singler",2,20,15,27,25,456,646,7,10,-3,190
"21400033","BKN","Bojan Bogdanovic, Deron Williams, Joe Johnson, Mason Plumlee, Mirza Teletovic",3,17,20,21,23,465,531,4,3,1,66
"21400033","DET","Brandon Jennings, Caron Butler, Greg Monroe, Josh Smith, Kentavious Caldwell-Pope",3,27,25,27,25,646,646,0,0,0,0
"21400033","BKN","Bojan Bogdanovic, Jarrett Jack, Joe Johnson, Mason Plumlee, Mirza Teletovic",4,21,23,23,27,531,594,2,4,-2,63
"21400033","DET","Caron Butler, D.J. Augustin, Greg Monroe, Josh Smith, Kentavious Caldwell-Pope",4,27,25,33,25,646,720,6,0,6,74
"21400033","BKN","Bojan Bogdanovic, Jarrett Jack, Jerome Jordan, Joe Johnson, Mirza Teletovic",5,23,27,25,33,594,720,2,6,-4,126
"21400033","DET","Andre Drummond, Caron Butler, D.J. Augustin, Josh Smith, Kyle Singler",5,33,25,41,31,720,941,8,6,2,221
"21400033","BKN","Bojan Bogdanovic, Jarrett Jack, Jerome Jordan, Mirza Teletovic, Sergey Karasev",6,25,33,25,33,720,720,0,0,0,0
"21400033","DET","Andre Drummond, Brandon Jennings, Caron Butler, D.J. Augustin, Josh Smith",6,41,31,47,37,941,1071,6,6,0,130
"21400033","BKN","Bojan Bogdanovic, Deron Williams, Jarrett Jack, Kevin Garnett, Mirza Teletovic",7,25,33,29,35,720,822,4,2,2,102
"21400033","DET","Brandon Jennings, Caron Butler, D.J. Augustin, Greg Monroe, Josh Smith",7,47,37,47,37,1071,1071,0,0,0,0
"21400033","BKN","Andrei Kirilenko, Deron Williams, Jarrett Jack, Kevin Garnett, Mirza Teletovic",8,29,35,37,47,822,1071,8,12,-4,249
"21400033","DET","Caron Butler, D.J. Augustin, Greg Monroe, Josh Smith, Kyle Singler",8,47,37,47,37,1071,1146,0,0,0,75
"21400033","BKN","Andrei Kirilenko, Deron Williams, Joe Johnson, Kevin Garnett, Mirza Teletovic",9,37,47,37,47,1071,1094,0,0,0,23
"21400033","DET","Brandon Jennings, Caron Butler, Greg Monroe, Josh Smith, Kyle Singler",9,47,37,47,37,1146,1146,0,0,0,0
"21400033","BKN","Andrei Kirilenko, Deron Williams, Joe Johnson, Mason Plumlee, Mirza Teletovic",10,37,47,46,49,1094,1258,9,2,7,164
"21400033","DET","Brandon Jennings, Greg Monroe, Josh Smith, Kentavious Caldwell-Pope, Kyle Singler",10,47,37,59,47,1146,1440,12,10,2,294
"21400033","BKN","Alan Anderson, Andrei Kirilenko, Deron Williams, Joe Johnson, Mirza Teletovic",11,46,49,46,49,1258,1258,0,0,0,0
"21400033","DET","Andre Drummond, Brandon Jennings, Josh Smith, Kentavious Caldwell-Pope, Kyle Singler",11,59,47,67,59,1440,1706,8,12,-4,266
"21400033","BKN","Alan Anderson, Andrei Kirilenko, Deron Williams, Jerome Jordan, Joe Johnson",12,46,49,46,49,1258,1258,0,0,0,0
"21400033","DET","Andre Drummond, Brandon Jennings, Greg Monroe, Kentavious Caldwell-Pope, Kyle Singler",12,67,59,69,61,1706,1760,2,2,0,54
"21400033","BKN","Alan Anderson, Deron Williams, Jerome Jordan, Joe Johnson, Kevin Garnett",13,46,49,47,59,1258,1426,1,10,-9,168
"21400033","DET","Brandon Jennings, Greg Monroe, Josh Smith, Kentavious Caldwell-Pope, Kyle Singler",13,69,61,81,75,1760,2160,12,14,-2,400
"21400033","BKN","Alan Anderson, Deron Williams, Joe Johnson, Kevin Garnett, Mirza Teletovic",14,47,59,47,59,1426,1440,0,0,0,14
"21400033","DET","Caron Butler, D.J. Augustin, Greg Monroe, Josh Smith, Kentavious Caldwell-Pope",14,81,75,83,84,2160,2351,2,9,-7,191
"21400033","BKN","Bojan Bogdanovic, Deron Williams, Joe Johnson, Kevin Garnett, Mason Plumlee",15,47,59,59,67,1440,1706,12,8,4,266
"21400033","DET","Andre Drummond, Caron Butler, D.J. Augustin, Josh Smith, Kentavious Caldwell-Pope",15,83,84,90,84,2351,2490,7,0,7,139
"21400033","BKN","Bojan Bogdanovic, Deron Williams, Jerome Jordan, Joe Johnson, Kevin Garnett",16,59,67,65,75,1706,1906,6,8,-2,200
"21400033","DET","Andre Drummond, Brandon Jennings, Caron Butler, Josh Smith, Kentavious Caldwell-Pope",16,90,84,90,86,2490,2517,0,2,-2,27
"21400033","BKN","Bojan Bogdanovic, Deron Williams, Jerome Jordan, Joe Johnson, Mirza Teletovic",17,65,75,74,81,1906,2090,9,6,3,184
"21400033","DET","Brandon Jennings, Caron Butler, Greg Monroe, Josh Smith, Kentavious Caldwell-Pope",17,90,86,92,86,2517,2600,2,0,2,83
"21400033","BKN","Bojan Bogdanovic, Jarrett Jack, Jerome Jordan, Joe Johnson, Mirza Teletovic",18,74,81,75,81,2090,2126,1,0,1,36
"21400033","DET","Brandon Jennings, D.J. Augustin, Greg Monroe, Josh Smith, Kentavious Caldwell-Pope",18,92,86,102,90,2600,2880,10,4,6,280
"21400033","BKN","Bojan Bogdanovic, Jarrett Jack, Joe Johnson, Mason Plumlee, Mirza Teletovic",19,75,81,75,81,2126,2126,0,0,0,0
"21400033","BKN","Alan Anderson, Jarrett Jack, Joe Johnson, Mason Plumlee, Mirza Teletovic",20,75,81,75,81,2126,2160,0,0,0,34
"21400033","BKN","Alan Anderson, Bojan Bogdanovic, Jarrett Jack, Kevin Garnett, Mason Plumlee",21,75,81,81,83,2160,2336,6,2,4,176
"21400033","BKN","Alan Anderson, Deron Williams, Jarrett Jack, Kevin Garnett, Mason Plumlee",22,81,83,84,83,2336,2351,3,0,3,15
"21400033","BKN","Alan Anderson, Deron Williams, Jarrett Jack, Joe Johnson, Kevin Garnett",23,84,83,84,83,2351,2351,0,0,0,0
"21400033","BKN","Deron Williams, Jarrett Jack, Joe Johnson, Kevin Garnett, Mirza Teletovic",24,84,83,90,102,2351,2880,6,19,-13,529
"21400034","BOS","Avery Bradley, Jared Sullinger, Jeff Green, Kelly Olynyk, Rajon Rondo",0,0,0,4,14,0,273,4,14,-10,273
"21400034","HOU","Dwight Howard, Isaiah Canaan, James Harden, Terrence Jones, Trevor Ariza",0,0,0,28,12,0,485,28,12,16,485
"21400034","BOS","Avery Bradley, Brandon Bass, Jared Sullinger, Jeff Green, Rajon Rondo",1,4,14,8,22,273,382,4,8,-4,109
"21400034","HOU","Isaiah Canaan, James Harden, Tarik Black, Terrence Jones, Trevor Ariza",1,28,12,28,12,485,485,0,0,0,0
"21400034","BOS","Avery Bradley, Brandon Bass, Jared Sullinger, Jeff Green, Marcus Smart",2,8,22,12,28,382,485,4,6,-2,103
"21400034","HOU","James Harden, Jason Terry, Tarik Black, Terrence Jones, Trevor Ariza",2,28,12,30,12,485,527,2,0,2,42
"21400034","BOS","Avery Bradley, Brandon Bass, Evan Turner, Jeff Green, Marcus Smart",3,12,28,12,28,485,485,0,0,0,0
"21400034","HOU","James Harden, Jason Terry, Kostas Papanikolaou, Tarik Black, Terrence Jones",3,30,12,32,18,527,622,2,6,-4,95
"21400034","BOS","Brandon Bass, Evan Turner, Jeff Green, Marcus Smart, Marcus Thornton",4,12,28,14,30,485,547,2,2,0,62
"21400034","HOU","Dwight Howard, Jason Terry, Kostas Papanikolaou, Tarik Black, Terrence Jones",4,32,18,32,18,622,622,0,0,0,0
"21400034","BOS","Evan Turner, Jeff Green, Marcus Smart, Marcus Thornton, Tyler Zeller",5,14,30,18,32,547,622,4,2,2,75
"21400034","HOU","Dwight Howard, Isaiah Canaan, Jason Terry, Kostas Papanikolaou, Tarik Black",5,32,18,32,18,622,622,0,0,0,0
"21400034","BOS","Evan Turner, Jeff Green, Marcus Thornton, Rajon Rondo, Tyler Zeller",6,18,32,18,32,622,622,0,0,0,0
"21400034","HOU","Donatas Motiejunas, Dwight Howard, Isaiah Canaan, Jason Terry, Kostas Papanikolaou",6,32,18,41,26,622,916,9,8,1,294
"21400034","BOS","Evan Turner, Jared Sullinger, Marcus Thornton, Rajon Rondo, Tyler Zeller",7,18,32,26,39,622,893,8,7,1,271
"21400034","HOU","Donatas Motiejunas, Dwight Howard, Isaiah Canaan, James Harden, Kostas Papanikolaou",7,41,26,46,30,916,1086,5,4,1,170
"21400034","BOS","Evan Turner, Jared Sullinger, Kelly Olynyk, Marcus Thornton, Rajon Rondo",8,26,39,26,41,893,916,0,2,-2,23
"21400034","HOU","Donatas Motiejunas, Isaiah Canaan, James Harden, Kostas Papanikolaou, Trevor Ariza",8,46,30,46,30,1086,1086,0,0,0,0
"21400034","BOS","Brandon Bass, Evan Turner, Kelly Olynyk, Marcus Thornton, Rajon Rondo",9,26,41,28,44,916,982,2,3,-1,66
"21400034","HOU","Donatas Motiejunas, Isaiah Canaan, James Harden, Tarik Black, Trevor Ariza",9,46,30,46,30,1086,1086,0,0,0,0
"21400034","BOS","Avery Bradley, Brandon Bass, Evan Turner, Kelly Olynyk, Rajon Rondo",10,28,44,30,46,982,1086,2,2,0,104
"21400034","HOU","Isaiah Canaan, James Harden, Tarik Black, Terrence Jones, Trevor Ariza",10,46,30,50,30,1086,1196,4,0,4,110
"21400034","BOS","Avery Bradley, Brandon Bass, Evan Turner, Jeff Green, Kelly Olynyk",11,30,46,30,46,1086,1086,0,0,0,0
"21400034","HOU","Dwight Howard, Isaiah Canaan, James Harden, Terrence Jones, Trevor Ariza",11,50,30,52,32,1196,1300,2,2,0,104
"21400034","BOS","Avery Bradley, Brandon Bass, Jeff Green, Kelly Olynyk, Marcus Smart",12,30,46,30,47,1086,1127,0,1,-1,41
"21400034","HOU","Dwight Howard, James Harden, Jason Terry, Terrence Jones, Trevor Ariza",12,52,32,57,38,1300,1414,5,6,-1,114
"21400034","BOS","Avery Bradley, Brandon Bass, Jeff Green, Marcus Smart, Tyler Zeller",13,30,47,30,50,1127,1196,0,3,-3,69
"21400034","HOU","Dwight Howard, James Harden, Jason Terry, Kostas Papanikolaou, Terrence Jones",13,57,38,57,38,1414,1440,0,0,0,26
"21400034","BOS","Avery Bradley, Brandon Bass, Evan Turner, Jeff Green, Tyler Zeller",14,30,50,30,50,1196,1196,0,0,0,0
"21400034","HOU","Dwight Howard, Isaiah Canaan, James Harden, Terrence Jones, Trevor Ariza",14,57,38,64,49,1440,1782,7,11,-4,342
"21400034","BOS","Avery Bradley, Evan Turner, Jeff Green, Rajon Rondo, Tyler Zeller",15,30,50,38,57,1196,1440,8,7,1,244
"21400034","HOU","Donatas Motiejunas, Dwight Howard, Isaiah Canaan, James Harden, Trevor Ariza",15,64,49,64,53,1782,1856,0,4,-4,74
"21400034","BOS","Avery Bradley, Brandon Bass, Jared Sullinger, Jeff Green, Rajon Rondo",16,38,57,47,64,1440,1768,9,7,2,328
"21400034","HOU","Donatas Motiejunas, Dwight Howard, James Harden, Jason Terry, Trevor Ariza",16,64,53,64,53,1856,1856,0,0,0,0
"21400034","BOS","Avery Bradley, Jared Sullinger, Jeff Green, Rajon Rondo, Tyler Zeller",17,47,64,53,66,1768,1885,6,2,4,117
"21400034","HOU","Donatas Motiejunas, James Harden, Jason Terry, Kostas Papanikolaou, Trevor Ariza",17,64,53,73,55,1856,2040,9,2,7,184
"21400034","BOS","Avery Bradley, Evan Turner, Jeff Green, Rajon Rondo, Tyler Zeller",18,53,66,53,66,1885,1885,0,0,0,0
"21400034","HOU","Donatas Motiejunas, Isaiah Canaan, James Harden, Jason Terry, Kostas Papanikolaou",18,73,55,81,62,2040,2160,8,7,1,120
"21400034","BOS","Evan Turner, Jeff Green, Marcus Thornton, Rajon Rondo, Tyler Zeller",19,53,66,53,71,1885,1931,0,5,-5,46
"21400034","HOU","Dwight Howard, Isaiah Canaan, Jason Terry, Kostas Papanikolaou, Terrence Jones",19,81,62,84,67,2160,2327,3,5,-2,167
"21400034","BOS","Evan Turner, Jeff Green, Kelly Olynyk, Marcus Thornton, Rajon Rondo",20,53,71,55,73,1931,2040,2,2,0,109
"21400034","HOU","Dwight Howard, Jason Terry, Kostas Papanikolaou, Terrence Jones, Trevor Ariza",20,84,67,94,71,2327,2533,10,4,6,206
"21400034","BOS","Evan Turner, Jeff Green, Kelly Olynyk, Marcus Smart, Marcus Thornton",21,55,73,59,78,2040,2108,4,5,-1,68
"21400034","HOU","Donatas Motiejunas, Jason Terry, Kostas Papanikolaou, Terrence Jones, Trevor Ariza",21,94,71,101,78,2533,2661,7,7,0,128
"21400034","BOS","Brandon Bass, Evan Turner, Kelly Olynyk, Marcus Smart, Marcus Thornton",22,59,78,62,81,2108,2160,3,3,0,52
"21400034","HOU","Donatas Motiejunas, Isaiah Canaan, Jason Terry, Kostas Papanikolaou, Terrence Jones",22,101,78,101,78,2661,2661,0,0,0,0
"21400034","BOS","Brandon Bass, Evan Turner, Jared Sullinger, Marcus Thornton, Rajon Rondo",23,62,81,71,89,2160,2447,9,8,1,287
"21400034","HOU","Donatas Motiejunas, Isaiah Canaan, Jason Terry, Joey Dorsey, Kostas Papanikolaou",23,101,78,101,78,2661,2661,0,0,0,0
"21400034","BOS","Avery Bradley, Evan Turner, Jared Sullinger, Marcus Thornton, Rajon Rondo",24,71,89,71,89,2447,2447,0,0,0,0
"21400034","HOU","Donatas Motiejunas, Isaiah Canaan, Joey Dorsey, Kostas Papanikolaou, Troy Daniels",24,101,78,101,78,2661,2661,0,0,0,0
"21400034","BOS","Avery Bradley, Jared Sullinger, Jeff Green, Marcus Thornton, Rajon Rondo",25,71,89,71,94,2447,2533,0,5,-5,86
"21400034","HOU","Isaiah Canaan, Joey Dorsey, Kostas Papanikolaou, Nick Johnson, Troy Daniels",25,101,78,101,78,2661,2661,0,0,0,0
"21400034","BOS","Avery Bradley, Jeff Green, Marcus Thornton, Rajon Rondo, Tyler Zeller",26,71,94,71,94,2533,2533,0,0,0,0
"21400034","HOU","Donatas Motiejunas, Isaiah Canaan, Joey Dorsey, Nick Johnson, Troy Daniels",26,101,78,104,90,2661,2880,3,12,-9,219
"21400034","BOS","Avery Bradley, James Young, Jeff Green, Marcus Thornton, Tyler Zeller",27,71,94,71,94,2533,2533,0,0,0,0
"21400034","BOS","Avery Bradley, Evan Turner, James Young, Jeff Green, Tyler Zeller",28,71,94,78,101,2533,2661,7,7,0,128
"21400034","BOS","Evan Turner, James Young, Jeff Green, Marcus Smart, Tyler Zeller",29,78,101,78,101,2661,2676,0,0,0,15
"21400034","BOS","Evan Turner, James Young, Kelly Olynyk, Marcus Smart, Tyler Zeller",30,78,101,78,101,2676,2676,0,0,0,0
"21400034","BOS","James Young, Kelly Olynyk, Marcus Smart, Phil Pressey, Tyler Zeller",31,78,101,90,104,2676,2880,12,3,9,204
"21400035","CHI","Jimmy Butler, Joakim Noah, Kirk Hinrich, Mike Dunleavy, Pau Gasol",0,0,0,16,14,0,427,16,14,2,427
"21400035","MIN","Andrew Wiggins, Kevin Martin, Nikola Pekovic, Ricky Rubio, Thaddeus Young",0,0,0,14,16,0,427,14,16,-2,427
"21400035","CHI","Aaron Brooks, Jimmy Butler, Joakim Noah, Mike Dunleavy, Pau Gasol",1,16,14,16,14,427,427,0,0,0,0
"21400035","MIN","Corey Brewer, Kevin Martin, Nikola Pekovic, Ricky Rubio, Thaddeus Young",1,14,16,14,16,427,427,0,0,0,0
"21400035","CHI","Aaron Brooks, Jimmy Butler, Mike Dunleavy, Nikola Mirotic, Pau Gasol",2,16,14,27,25,427,703,11,11,0,276
"21400035","MIN","Corey Brewer, Gorgui Dieng, Kevin Martin, Ricky Rubio, Thaddeus Young",2,14,16,20,23,427,596,6,7,-1,169
"21400035","CHI","E'Twaun Moore, Jimmy Butler, Mike Dunleavy, Nikola Mirotic, Pau Gasol",3,27,25,27,25,703,720,0,0,0,17
"21400035","MIN","Corey Brewer, Gorgui Dieng, Mo Williams, Ricky Rubio, Thaddeus Young",3,20,23,25,26,596,679,5,3,2,83
"21400035","CHI","Aaron Brooks, Doug McDermott, Joakim Noah, Nikola Mirotic, Tony Snell",4,27,25,45,39,720,1078,18,14,4,358
"21400035","MIN","Anthony Bennett, Corey Brewer, Gorgui Dieng, Mo Williams, Ricky Rubio",4,25,26,25,27,679,720,0,1,-1,41
"21400035","CHI","Aaron Brooks, Doug McDermott, Joakim Noah, Kirk Hinrich, Nikola Mirotic",5,45,39,50,39,1078,1159,5,0,5,81
"21400035","MIN","Anthony Bennett, Corey Brewer, Gorgui Dieng, Mo Williams, Shabazz Muhammad",5,25,27,35,39,720,964,10,12,-2,244
"21400035","CHI","Aaron Brooks, Doug McDermott, Kirk Hinrich, Nikola Mirotic, Pau Gasol",6,50,39,50,39,1159,1159,0,0,0,0
"21400035","MIN","Anthony Bennett, Corey Brewer, Mo Williams, Nikola Pekovic, Shabazz Muhammad",6,35,39,35,41,964,1004,0,2,-2,40
"21400035","CHI","Aaron Brooks, Jimmy Butler, Kirk Hinrich, Nikola Mirotic, Pau Gasol",7,50,39,52,45,1159,1266,2,6,-4,107
"21400035","MIN","Andrew Wiggins, Anthony Bennett, Mo Williams, Nikola Pekovic, Shabazz Muhammad",7,35,41,37,43,1004,1051,2,2,0,47
"21400035","CHI","Jimmy Butler, Kirk Hinrich, Mike Dunleavy, Nikola Mirotic, Pau Gasol",8,52,45,63,49,1266,1440,11,4,7,174
"21400035","MIN","Andrew Wiggins, Mo Williams, Nikola Pekovic, Shabazz Muhammad, Thaddeus Young",8,37,43,37,43,1051,1051,0,0,0,0
"21400035","CHI","Jimmy Butler, Joakim Noah, Kirk Hinrich, Mike Dunleavy, Pau Gasol",9,63,49,76,69,1440,1905,13,20,-7,465
"21400035","MIN","Andrew Wiggins, Kevin Martin, Mo Williams, Nikola Pekovic, Thaddeus Young",9,37,43,39,47,1051,1106,2,4,-2,55
"21400035","CHI","Aaron Brooks, Jimmy Butler, Joakim Noah, Mike Dunleavy, Pau Gasol",10,76,69,76,69,1905,1905,0,0,0,0
"21400035","MIN","Andrew Wiggins, Kevin Martin, Nikola Pekovic, Ricky Rubio, Thaddeus Young",10,39,47,47,60,1106,1405,8,13,-5,299
"21400035","CHI","Aaron Brooks, Jimmy Butler, Mike Dunleavy, Nikola Mirotic, Pau Gasol",11,76,69,85,81,1905,2160,9,12,-3,255
"21400035","MIN","Andrew Wiggins, Anthony Bennett, Kevin Martin, Nikola Pekovic, Ricky Rubio",11,47,60,69,76,1405,1905,22,16,6,500
"21400035","CHI","Aaron Brooks, Doug McDermott, Jimmy Butler, Joakim Noah, Nikola Mirotic",12,85,81,89,87,2160,2331,4,6,-2,171
"21400035","MIN","Andrew Wiggins, Kevin Martin, Nikola Pekovic, Ricky Rubio, Robbie Hummel",12,69,76,76,82,1905,2029,7,6,1,124
"21400035","CHI","Aaron Brooks, Doug McDermott, Joakim Noah, Nikola Mirotic, Tony Snell",13,89,87,89,88,2331,2404,0,1,-1,73
"21400035","MIN","Andrew Wiggins, Gorgui Dieng, Kevin Martin, Ricky Rubio, Robbie Hummel",13,76,82,76,82,2029,2029,0,0,0,0
"21400035","CHI","Aaron Brooks, Joakim Noah, Mike Dunleavy, Nikola Mirotic, Tony Snell",14,89,88,89,88,2404,2404,0,0,0,0
"21400035","MIN","Corey Brewer, Gorgui Dieng, Kevin Martin, Ricky Rubio, Robbie Hummel",14,76,82,76,82,2029,2029,0,0,0,0
"21400035","CHI","Aaron Brooks, Jimmy Butler, Joakim Noah, Mike Dunleavy, Nikola Mirotic",15,89,88,92,88,2404,2452,3,0,3,48
"21400035","MIN","Corey Brewer, Gorgui Dieng, Kevin Martin, Mo Williams, Robbie Hummel",15,76,82,81,85,2029,2160,5,3,2,131
"21400035","CHI","Aaron Brooks, Jimmy Butler, Mike Dunleavy, Nikola Mirotic, Pau Gasol",16,92,88,92,88,2452,2452,0,0,0,0
"21400035","MIN","Chase Budinger, Corey Brewer, Gorgui Dieng, Mo Williams, Robbie Hummel",16,81,85,88,92,2160,2452,7,7,0,292
"21400035","CHI","Jimmy Butler, Kirk Hinrich, Mike Dunleavy, Nikola Mirotic, Pau Gasol",17,92,88,94,91,2452,2588,2,3,-1,136
"21400035","MIN","Chase Budinger, Corey Brewer, Mo Williams, Nikola Pekovic, Robbie Hummel",17,88,92,88,92,2452,2452,0,0,0,0
"21400035","CHI","Jimmy Butler, Joakim Noah, Kirk Hinrich, Mike Dunleavy, Pau Gasol",18,94,91,104,102,2588,2857,10,11,-1,269
"21400035","MIN","Andrew Wiggins, Chase Budinger, Mo Williams, Nikola Pekovic, Robbie Hummel",18,88,92,88,92,2452,2452,0,0,0,0
"21400035","CHI","Jimmy Butler, Joakim Noah, Kirk Hinrich, Pau Gasol, Tony Snell",19,104,102,104,105,2857,2878,0,3,-3,21
"21400035","MIN","Andrew Wiggins, Kevin Martin, Mo Williams, Nikola Pekovic, Robbie Hummel",19,88,92,88,94,2452,2548,0,2,-2,96
"21400035","CHI","Jimmy Butler, Joakim Noah, Kirk Hinrich, Mike Dunleavy, Pau Gasol",20,104,105,106,105,2878,2880,2,0,2,2
"21400035","MIN","Andrew Wiggins, Anthony Bennett, Kevin Martin, Mo Williams, Nikola Pekovic",20,88,94,88,94,2548,2548,0,0,0,0
"21400035","MIN","Andrew Wiggins, Anthony Bennett, Kevin Martin, Nikola Pekovic, Ricky Rubio",21,88,94,102,102,2548,2783,14,8,6,235
"21400035","MIN","Anthony Bennett, Kevin Martin, Mo Williams, Nikola Pekovic, Ricky Rubio",22,102,102,102,104,2783,2807,0,2,-2,24
"21400035","MIN","Andrew Wiggins, Anthony Bennett, Kevin Martin, Mo Williams, Nikola Pekovic",23,102,104,102,104,2807,2855,0,0,0,48
"21400035","MIN","Andrew Wiggins, Anthony Bennett, Gorgui Dieng, Kevin Martin, Mo Williams",24,102,104,102,104,2855,2857,0,0,0,2
"21400035","MIN","Andrew Wiggins, Anthony Bennett, Kevin Martin, Mo Williams, Nikola Pekovic",25,102,104,105,104,2857,2878,3,0,3,21
"21400035","MIN","Andrew Wiggins, Anthony Bennett, Gorgui Dieng, Kevin Martin, Mo Williams",26,105,104,105,104,2878,2878,0,0,0,0
"21400035","MIN","Andrew Wiggins, Anthony Bennett, Corey Brewer, Gorgui Dieng, Kevin Martin",27,105,104,105,106,2878,2880,0,2,-2,2
"21400035","MIN","Andrew Wiggins, Corey Brewer, Gorgui Dieng, Kevin Martin, Nikola Pekovic",28,105,106,105,106,2880,2880,0,0,0,0
"21400035","MIN","Andrew Wiggins, Corey Brewer, Kevin Martin, Mo Williams, Nikola Pekovic",29,105,106,105,106,2880,2880,0,0,0,0
"21400036","DEN","Arron Afflalo, Danilo Gallinari, Kenneth Faried, Timofey Mozgov, Ty Lawson",0,0,0,9,19,0,384,9,19,-10,384
"21400036","OKC","Andre Roberson, Perry Jones III, Sebastian Telfair, Serge Ibaka, Steven Adams",0,0,0,14,5,0,249,14,5,9,249
"21400036","DEN","Arron Afflalo, Kenneth Faried, Timofey Mozgov, Ty Lawson, Wilson Chandler",1,9,19,9,19,384,384,0,0,0,0
"21400036","OKC","Andre Roberson, Nick Collison, Perry Jones III, Sebastian Telfair, Steven Adams",1,14,5,21,9,249,417,7,4,3,168
"21400036","DEN","Arron Afflalo, Jusuf Nurkic, Kenneth Faried, Ty Lawson, Wilson Chandler",2,9,19,15,24,384,568,6,5,1,184
"21400036","OKC","Andre Roberson, Lance Thomas, Nick Collison, Sebastian Telfair, Steven Adams",2,21,9,24,15,417,568,3,6,-3,151
"21400036","DEN","Arron Afflalo, Darrell Arthur, Jusuf Nurkic, Ty Lawson, Wilson Chandler",3,15,24,15,24,568,568,0,0,0,0
"21400036","OKC","Andre Roberson, Kendrick Perkins, Lance Thomas, Nick Collison, Sebastian Telfair",3,24,15,29,17,568,715,5,2,3,147
"21400036","DEN","Darrell Arthur, Jusuf Nurkic, Randy Foye, Ty Lawson, Wilson Chandler",4,15,24,17,27,568,672,2,3,-1,104
"21400036","OKC","Andre Roberson, Kendrick Perkins, Lance Thomas, Nick Collison, Perry Jones III",4,29,17,34,17,715,919,5,0,5,204
"21400036","DEN","Darrell Arthur, Jusuf Nurkic, Nate Robinson, Randy Foye, Wilson Chandler",5,17,27,17,29,672,720,0,2,-2,48
"21400036","OKC","Kendrick Perkins, Lance Thomas, Nick Collison, Perry Jones III, Serge Ibaka",5,34,17,43,23,919,1150,9,6,3,231
"21400036","DEN","Darrell Arthur, JaVale McGee, Nate Robinson, Randy Foye, Wilson Chandler",6,17,29,17,34,720,919,0,5,-5,199
"21400036","OKC","Kendrick Perkins, Nick Collison, Perry Jones III, Sebastian Telfair, Serge Ibaka",6,43,23,49,28,1150,1264,6,5,1,114
"21400036","DEN","JaVale McGee, Kenneth Faried, Nate Robinson, Randy Foye, Wilson Chandler",7,17,34,19,39,919,1011,2,5,-3,92
"21400036","OKC","Kendrick Perkins, Perry Jones III, Sebastian Telfair, Serge Ibaka, Steven Adams",7,49,28,49,28,1264,1264,0,0,0,0
"21400036","DEN","Danilo Gallinari, JaVale McGee, Kenneth Faried, Nate Robinson, Randy Foye",8,19,39,19,39,1011,1011,0,0,0,0
"21400036","OKC","Andre Roberson, Perry Jones III, Sebastian Telfair, Serge Ibaka, Steven Adams",8,49,28,68,49,1264,1961,19,21,-2,697
"21400036","DEN","Alonzo Gee, Danilo Gallinari, JaVale McGee, Kenneth Faried, Nate Robinson",9,19,39,19,39,1011,1011,0,0,0,0
"21400036","OKC","Andre Roberson, Lance Thomas, Sebastian Telfair, Serge Ibaka, Steven Adams",9,68,49,68,49,1961,1961,0,0,0,0
"21400036","DEN","Alonzo Gee, Danilo Gallinari, JaVale McGee, Kenneth Faried, Ty Lawson",10,19,39,19,39,1011,1011,0,0,0,0
"21400036","OKC","Andre Roberson, Lance Thomas, Nick Collison, Sebastian Telfair, Steven Adams",10,68,49,73,56,1961,2108,5,7,-2,147
"21400036","DEN","Alonzo Gee, Arron Afflalo, Danilo Gallinari, Kenneth Faried, Ty Lawson",11,19,39,28,49,1011,1264,9,10,-1,253
"21400036","OKC","Lance Thomas, Nick Collison, Perry Jones III, Sebastian Telfair, Steven Adams",11,73,56,76,56,2108,2160,3,0,3,52
"21400036","DEN","Arron Afflalo, Danilo Gallinari, Kenneth Faried, Timofey Mozgov, Ty Lawson",12,28,49,44,66,1264,1854,16,17,-1,590
"21400036","OKC","Kendrick Perkins, Lance Thomas, Nick Collison, Perry Jones III, Sebastian Telfair",12,76,56,82,66,2160,2390,6,10,-4,230
"21400036","DEN","Arron Afflalo, Kenneth Faried, Randy Foye, Timofey Mozgov, Ty Lawson",13,44,66,44,66,1854,1854,0,0,0,0
"21400036","OKC","Kendrick Perkins, Lance Thomas, Perry Jones III, Sebastian Telfair, Serge Ibaka",13,82,66,82,66,2390,2390,0,0,0,0
"21400036","DEN","Arron Afflalo, Randy Foye, Timofey Mozgov, Ty Lawson, Wilson Chandler",14,44,66,47,68,1854,1918,3,2,1,64
"21400036","OKC","Andre Roberson, Kendrick Perkins, Lance Thomas, Perry Jones III, Serge Ibaka",14,82,66,88,74,2390,2520,6,8,-2,130
"21400036","DEN","Arron Afflalo, Nate Robinson, Randy Foye, Timofey Mozgov, Wilson Chandler",15,47,68,49,68,1918,1961,2,0,2,43
"21400036","OKC","Kendrick Perkins, Lance Thomas, Perry Jones III, Sebastian Telfair, Serge Ibaka",15,88,74,88,80,2520,2648,0,6,-6,128
"21400036","DEN","Arron Afflalo, JaVale McGee, Nate Robinson, Randy Foye, Wilson Chandler",16,49,68,56,73,1961,2108,7,5,2,147
"21400036","OKC","Lance Thomas, Perry Jones III, Sebastian Telfair, Serge Ibaka, Steven Adams",16,88,80,88,80,2648,2648,0,0,0,0
"21400036","DEN","Alonzo Gee, JaVale McGee, Nate Robinson, Randy Foye, Wilson Chandler",17,56,73,56,76,2108,2160,0,3,-3,52
"21400036","OKC","Andre Roberson, Perry Jones III, Sebastian Telfair, Serge Ibaka, Steven Adams",17,88,80,96,87,2648,2793,8,7,1,145
"21400036","DEN","Alonzo Gee, Darrell Arthur, JaVale McGee, Nate Robinson, Randy Foye",18,56,76,64,82,2160,2375,8,6,2,215
"21400036","OKC","Andre Roberson, Lance Thomas, Perry Jones III, Sebastian Telfair, Serge Ibaka",18,96,87,102,91,2793,2880,6,4,2,87
"21400036","DEN","Alonzo Gee, Darrell Arthur, JaVale McGee, Randy Foye, Ty Lawson",19,64,82,64,82,2375,2375,0,0,0,0
"21400036","DEN","Alonzo Gee, Arron Afflalo, JaVale McGee, Randy Foye, Ty Lawson",20,64,82,85,91,2375,2734,21,9,12,359
"21400036","DEN","Alonzo Gee, Arron Afflalo, JaVale McGee, Ty Lawson, Wilson Chandler",21,85,91,91,102,2734,2880,6,11,-5,146
"21400037","PHX","Eric Bledsoe, Goran Dragic, Marcus Morris Sr., Markieff Morris, Miles Plumlee",0,0,0,14,14,0,327,14,14,0,327
"21400037","UTA","Alec Burks, Derrick Favors, Enes Kanter, Gordon Hayward, Trey Burke",0,0,0,24,16,0,476,24,16,8,476
"21400037","PHX","Alex Len, Eric Bledsoe, Goran Dragic, Marcus Morris Sr., Markieff Morris",1,14,14,16,24,327,476,2,10,-8,149
"21400037","UTA","Alec Burks, Derrick Favors, Gordon Hayward, Trevor Booker, Trey Burke",1,24,16,24,16,476,476,0,0,0,0
"21400037","PHX","Alex Len, Anthony Tolliver, Eric Bledsoe, Goran Dragic, Marcus Morris Sr.",2,16,24,16,24,476,476,0,0,0,0
"21400037","UTA","Alec Burks, Derrick Favors, Rodney Hood, Trevor Booker, Trey Burke",2,24,16,31,20,476,649,7,4,3,173
"21400037","PHX","Alex Len, Anthony Tolliver, Eric Bledsoe, Gerald Green, Goran Dragic",3,16,24,16,24,476,478,0,0,0,2
"21400037","UTA","Alec Burks, Dante Exum, Derrick Favors, Rodney Hood, Trevor Booker",3,31,20,31,20,649,649,0,0,0,0
"21400037","PHX","Alex Len, Anthony Tolliver, Gerald Green, Goran Dragic, Isaiah Thomas",4,16,24,20,31,478,665,4,7,-3,187
"21400037","UTA","Alec Burks, Dante Exum, Rodney Hood, Rudy Gobert, Trevor Booker",4,31,20,33,22,649,720,2,2,0,71
"21400037","PHX","Alex Len, Anthony Tolliver, Archie Goodwin, Gerald Green, Isaiah Thomas",5,20,31,22,33,665,720,2,2,0,55
"21400037","UTA","Dante Exum, Gordon Hayward, Rodney Hood, Rudy Gobert, Trevor Booker",5,33,22,35,24,720,787,2,2,0,67
"21400037","PHX","Anthony Tolliver, Archie Goodwin, Gerald Green, Isaiah Thomas, Miles Plumlee",6,22,33,22,33,720,751,0,0,0,31
"21400037","UTA","Dante Exum, Gordon Hayward, Joe Ingles, Rudy Gobert, Trevor Booker",6,35,24,40,27,787,893,5,3,2,106
"21400037","PHX","Archie Goodwin, Gerald Green, Isaiah Thomas, Markieff Morris, Miles Plumlee",7,22,33,27,43,751,906,5,10,-5,155
"21400037","UTA","Dante Exum, Enes Kanter, Gordon Hayward, Joe Ingles, Rudy Gobert",7,40,27,49,31,893,1007,9,4,5,114
"21400037","PHX","Eric Bledsoe, Gerald Green, Isaiah Thomas, Markieff Morris, Miles Plumlee",8,27,43,31,49,906,1007,4,6,-2,101
"21400037","UTA","Dante Exum, Derrick Favors, Enes Kanter, Gordon Hayward, Joe Ingles",8,49,31,49,31,1007,1007,0,0,0,0
"21400037","PHX","Eric Bledsoe, Gerald Green, Goran Dragic, Markieff Morris, Miles Plumlee",9,31,49,38,51,1007,1141,7,2,5,134
"21400037","UTA","Derrick Favors, Enes Kanter, Gordon Hayward, Joe Ingles, Trey Burke",9,49,31,49,36,1007,1085,0,5,-5,78
"21400037","PHX","Alex Len, Eric Bledsoe, Gerald Green, Goran Dragic, Markieff Morris",10,38,51,55,59,1141,1440,17,8,9,299
"21400037","UTA","Alec Burks, Derrick Favors, Enes Kanter, Gordon Hayward, Trey Burke",10,49,36,51,41,1085,1167,2,5,-3,82
"21400037","PHX","Eric Bledsoe, Goran Dragic, Marcus Morris Sr., Markieff Morris, Miles Plumlee",11,55,59,64,73,1440,1784,9,14,-5,344
"21400037","UTA","Alec Burks, Derrick Favors, Gordon Hayward, Trevor Booker, Trey Burke",11,51,41,51,48,1167,1211,0,7,-7,44
"21400037","PHX","Alex Len, Eric Bledsoe, Goran Dragic, Marcus Morris Sr., Markieff Morris",12,64,73,64,75,1784,1820,0,2,-2,36
"21400037","UTA","Alec Burks, Derrick Favors, Rodney Hood, Trevor Booker, Trey Burke",12,51,48,54,50,1211,1294,3,2,1,83
"21400037","PHX","Alex Len, Eric Bledsoe, Goran Dragic, Isaiah Thomas, Marcus Morris Sr.",13,64,75,64,75,1820,1820,0,0,0,0
"21400037","UTA","Alec Burks, Derrick Favors, Gordon Hayward, Trevor Booker, Trey Burke",13,54,50,59,55,1294,1440,5,5,0,146
"21400037","PHX","Alex Len, Gerald Green, Goran Dragic, Isaiah Thomas, Marcus Morris Sr.",14,64,75,67,78,1820,1945,3,3,0,125
"21400037","UTA","Alec Burks, Derrick Favors, Enes Kanter, Gordon Hayward, Trey Burke",14,59,55,59,55,1440,1459,0,0,0,19
"21400037","PHX","Alex Len, Eric Bledsoe, Goran Dragic, Isaiah Thomas, Marcus Morris Sr.",15,67,78,69,83,1945,2031,2,5,-3,86
"21400037","UTA","Alec Burks, Derrick Favors, Gordon Hayward, Trevor Booker, Trey Burke",15,59,55,75,64,1459,1820,16,9,7,361
"21400037","PHX","Alex Len, Eric Bledsoe, Gerald Green, Isaiah Thomas, Marcus Morris Sr.",16,69,83,75,89,2031,2160,6,6,0,129
"21400037","UTA","Derrick Favors, Gordon Hayward, Rodney Hood, Trevor Booker, Trey Burke",16,75,64,78,64,1820,1862,3,0,3,42
"21400037","PHX","Eric Bledsoe, Gerald Green, Isaiah Thomas, Markieff Morris, Shavlik Randolph",17,75,89,75,91,2160,2196,0,2,-2,36
"21400037","UTA","Derrick Favors, Gordon Hayward, Joe Ingles, Rodney Hood, Trey Burke",17,78,64,78,67,1862,1945,0,3,-3,83
"21400037","PHX","Gerald Green, Goran Dragic, Isaiah Thomas, Markieff Morris, Shavlik Randolph",18,75,91,81,98,2196,2444,6,7,-1,248
"21400037","UTA","Gordon Hayward, Joe Ingles, Rodney Hood, Rudy Gobert, Trey Burke",18,78,67,78,67,1945,1945,0,0,0,0
"21400037","PHX","Eric Bledsoe, Gerald Green, Isaiah Thomas, Markieff Morris, Shavlik Randolph",19,81,98,81,98,2444,2444,0,0,0,0
"21400037","UTA","Dante Exum, Gordon Hayward, Joe Ingles, Rodney Hood, Rudy Gobert",19,78,67,89,75,1945,2160,11,8,3,215
"21400037","PHX","Eric Bledsoe, Goran Dragic, Isaiah Thomas, Markieff Morris, Shavlik Randolph",20,81,98,81,98,2444,2444,0,0,0,0
"21400037","UTA","Alec Burks, Dante Exum, Enes Kanter, Joe Ingles, Rudy Gobert",20,89,75,94,79,2160,2321,5,4,1,161
"21400037","PHX","Eric Bledsoe, Goran Dragic, Isaiah Thomas, Marcus Morris Sr., Markieff Morris",21,81,98,81,105,2444,2518,0,7,-7,74
"21400037","UTA","Alec Burks, Dante Exum, Joe Ingles, Rudy Gobert, Trevor Booker",21,94,79,98,81,2321,2444,4,2,2,123
"21400037","PHX","Archie Goodwin, Eric Bledsoe, Isaiah Thomas, Marcus Morris Sr., Markieff Morris",22,81,105,81,105,2518,2518,0,0,0,0
"21400037","UTA","Alec Burks, Joe Ingles, Rudy Gobert, Trevor Booker, Trey Burke",22,98,81,98,81,2444,2444,0,0,0,0
"21400037","PHX","Anthony Tolliver, Archie Goodwin, Eric Bledsoe, Isaiah Thomas, Marcus Morris Sr.",23,81,105,84,105,2518,2561,3,0,3,43
"21400037","UTA","Alec Burks, Derrick Favors, Joe Ingles, Trevor Booker, Trey Burke",23,98,81,98,81,2444,2444,0,0,0,0
"21400037","PHX","Anthony Tolliver, Archie Goodwin, Eric Bledsoe, Gerald Green, Isaiah Thomas",24,84,105,84,105,2561,2561,0,0,0,0
"21400037","UTA","Alec Burks, Derrick Favors, Gordon Hayward, Trevor Booker, Trey Burke",24,98,81,111,86,2444,2680,13,5,8,236
"21400037","PHX","Anthony Tolliver, Archie Goodwin, Gerald Green, Isaiah Thomas, Miles Plumlee",25,84,105,84,105,2561,2561,0,0,0,0
"21400037","UTA","Alec Burks, Dante Exum, Derrick Favors, Trevor Booker, Trey Burke",25,111,86,111,86,2680,2680,0,0,0,0
"21400037","PHX","Anthony Tolliver, Archie Goodwin, Gerald Green, Miles Plumlee, Tyler Ennis",26,84,105,91,118,2561,2880,7,13,-6,319
"21400037","UTA","Alec Burks, Dante Exum, Rudy Gobert, Trevor Booker, Trey Burke",26,111,86,111,86,2680,2680,0,0,0,0
"21400037","UTA","Dante Exum, Rudy Gobert, Steve Novak, Trevor Booker, Trey Burke",27,111,86,111,86,2680,2680,0,0,0,0
"21400037","UTA","Dante Exum, Rodney Hood, Rudy Gobert, Steve Novak, Trey Burke",28,111,86,116,88,2680,2786,5,2,3,106
"21400037","UTA","Dante Exum, Ian Clark, Rodney Hood, Rudy Gobert, Steve Novak",29,116,88,118,91,2786,2880,2,3,-1,94
"21400038","GSW","Andrew Bogut, Draymond Green, Harrison Barnes, Klay Thompson, Stephen Curry",0,0,0,9,13,0,283,9,13,-4,283
"21400038","LAL","Carlos Boozer, Jeremy Lin, Jordan Hill, Kobe Bryant, Wesley Johnson",0,0,0,18,18,0,440,18,18,0,440
"21400038","GSW","Andrew Bogut, Draymond Green, Harrison Barnes, Leandro Barbosa, Stephen Curry",1,9,13,18,18,283,440,9,5,4,157
"21400038","LAL","Carlos Boozer, Jordan Hill, Kobe Bryant, Ronnie Price, Wesley Johnson",1,18,18,18,18,440,440,0,0,0,0
"21400038","GSW","Andre Iguodala, Andrew Bogut, Draymond Green, Leandro Barbosa, Stephen Curry",2,18,18,18,18,440,440,0,0,0,0
"21400038","LAL","Ed Davis, Jordan Hill, Kobe Bryant, Ronnie Price, Wesley Johnson",2,18,18,22,22,440,534,4,4,0,94
"21400038","GSW","Andre Iguodala, Draymond Green, Festus Ezeli, Leandro Barbosa, Stephen Curry",3,18,18,29,33,440,680,11,15,-4,240
"21400038","LAL","Ed Davis, Jordan Hill, Ronnie Price, Wayne Ellington, Wesley Johnson",3,22,22,35,29,534,720,13,7,6,186
"21400038","GSW","Andre Iguodala, Festus Ezeli, Leandro Barbosa, Marreese Speights, Stephen Curry",4,29,33,29,33,680,680,0,0,0,0
"21400038","LAL","Ed Davis, Robert Sacre, Ronnie Price, Wayne Ellington, Xavier Henry",4,35,29,43,33,720,975,8,4,4,255
"21400038","GSW","Andre Iguodala, Festus Ezeli, Leandro Barbosa, Marreese Speights, Shaun Livingston",5,29,33,29,35,680,720,0,2,-2,40
"21400038","LAL","Carlos Boozer, Robert Sacre, Ronnie Price, Wayne Ellington, Xavier Henry",5,43,33,43,33,975,975,0,0,0,0
"21400038","GSW","Andre Iguodala, Andrew Bogut, Klay Thompson, Marreese Speights, Shaun Livingston",6,29,35,33,43,720,975,4,8,-4,255
"21400038","LAL","Carlos Boozer, Kobe Bryant, Robert Sacre, Ronnie Price, Xavier Henry",6,43,33,43,42,975,1032,0,9,-9,57
"21400038","GSW","Andre Iguodala, Andrew Bogut, Harrison Barnes, Klay Thompson, Shaun Livingston",7,33,43,33,43,975,975,0,0,0,0
"21400038","LAL","Carlos Boozer, Jeremy Lin, Kobe Bryant, Robert Sacre, Xavier Henry",7,43,42,43,42,1032,1032,0,0,0,0
"21400038","GSW","Andre Iguodala, Andrew Bogut, Harrison Barnes, Klay Thompson, Stephen Curry",8,33,43,52,47,975,1254,19,4,15,279
"21400038","LAL","Carlos Boozer, Jeremy Lin, Jordan Hill, Kobe Bryant, Xavier Henry",8,43,42,45,47,1032,1144,2,5,-3,112
"21400038","GSW","Andre Iguodala, Festus Ezeli, Harrison Barnes, Klay Thompson, Stephen Curry",9,52,47,58,47,1254,1348,6,0,6,94
"21400038","LAL","Jeremy Lin, Jordan Hill, Kobe Bryant, Wesley Johnson, Xavier Henry",9,45,47,47,54,1144,1285,2,7,-5,141
"21400038","GSW","Andre Iguodala, Festus Ezeli, Klay Thompson, Shaun Livingston, Stephen Curry",10,58,47,58,51,1348,1382,0,4,-4,34
"21400038","LAL","Jeremy Lin, Jordan Hill, Kobe Bryant, Wayne Ellington, Wesley Johnson",10,47,54,47,54,1285,1296,0,0,0,11
"21400038","GSW","Andre Iguodala, Festus Ezeli, Klay Thompson, Leandro Barbosa, Shaun Livingston",11,58,51,58,51,1382,1382,0,0,0,0
"21400038","LAL","Ed Davis, Jeremy Lin, Kobe Bryant, Wayne Ellington, Wesley Johnson",11,47,54,53,59,1296,1432,6,5,1,136
"21400038","GSW","Andre Iguodala, Festus Ezeli, Harrison Barnes, Leandro Barbosa, Shaun Livingston",12,58,51,59,53,1382,1432,1,2,-1,50
"21400038","LAL","Jeremy Lin, Kobe Bryant, Ronnie Price, Wayne Ellington, Wesley Johnson",12,53,59,55,61,1432,1440,2,2,0,8
"21400038","GSW","Andre Iguodala, Festus Ezeli, Harrison Barnes, Klay Thompson, Leandro Barbosa",13,59,53,59,53,1432,1432,0,0,0,0
"21400038","LAL","Carlos Boozer, Jeremy Lin, Jordan Hill, Kobe Bryant, Wesley Johnson",13,55,61,74,79,1440,1867,19,18,1,427
"21400038","GSW","Andre Iguodala, Harrison Barnes, Klay Thompson, Leandro Barbosa, Stephen Curry",14,59,53,61,55,1432,1440,2,2,0,8
"21400038","LAL","Ed Davis, Jeremy Lin, Jordan Hill, Kobe Bryant, Wesley Johnson",14,74,79,76,82,1867,1892,2,3,-1,25
"21400038","GSW","Andre Iguodala, Festus Ezeli, Harrison Barnes, Leandro Barbosa, Stephen Curry",15,61,55,61,55,1440,1440,0,0,0,0
"21400038","LAL","Ed Davis, Jordan Hill, Kobe Bryant, Ronnie Price, Wesley Johnson",15,76,82,80,88,1892,1994,4,6,-2,102
"21400038","GSW","Andrew Bogut, Draymond Green, Harrison Barnes, Klay Thompson, Stephen Curry",16,61,55,76,70,1440,1815,15,15,0,375
"21400038","LAL","Ed Davis, Kobe Bryant, Ronnie Price, Wayne Ellington, Wesley Johnson",16,80,88,86,93,1994,2160,6,5,1,166
"21400038","GSW","Andre Iguodala, Andrew Bogut, Draymond Green, Klay Thompson, Stephen Curry",17,76,70,82,76,1815,1892,6,6,0,77
"21400038","LAL","Ed Davis, Jeremy Lin, Jordan Clarkson, Ronnie Price, Wayne Ellington",17,86,93,90,99,2160,2341,4,6,-2,181
"21400038","GSW","Andre Iguodala, Draymond Green, Festus Ezeli, Klay Thompson, Stephen Curry",18,82,76,83,78,1892,1920,1,2,-1,28
"21400038","LAL","Ed Davis, Jeremy Lin, Kobe Bryant, Ronnie Price, Wayne Ellington",18,90,99,90,99,2341,2341,0,0,0,0
"21400038","GSW","Andre Iguodala, Festus Ezeli, Harrison Barnes, Klay Thompson, Stephen Curry",19,83,78,88,80,1920,1994,5,2,3,74
"21400038","LAL","Jeremy Lin, Jordan Hill, Kobe Bryant, Ronnie Price, Wayne Ellington",19,90,99,92,99,2341,2390,2,0,2,49
"21400038","GSW","Andre Iguodala, Festus Ezeli, Harrison Barnes, Klay Thompson, Leandro Barbosa",20,88,80,95,88,1994,2199,7,8,-1,205
"21400038","LAL","Carlos Boozer, Jeremy Lin, Jordan Hill, Kobe Bryant, Ronnie Price",20,92,99,94,106,2390,2528,2,7,-5,138
"21400038","GSW","Andre Iguodala, Festus Ezeli, Harrison Barnes, Leandro Barbosa, Shaun Livingston",21,95,88,95,88,2199,2211,0,0,0,12
"21400038","LAL","Carlos Boozer, Jeremy Lin, Jordan Hill, Kobe Bryant, Wesley Johnson",21,94,106,100,122,2528,2775,6,16,-10,247
"21400038","GSW","Andre Iguodala, Draymond Green, Harrison Barnes, Leandro Barbosa, Shaun Livingston",22,95,88,99,92,2211,2378,4,4,0,167
"21400038","LAL","Carlos Boozer, Jeremy Lin, Jordan Hill, Kobe Bryant, Ronnie Price",22,100,122,100,122,2775,2775,0,0,0,0
"21400038","GSW","Andre Iguodala, Andrew Bogut, Draymond Green, Leandro Barbosa, Shaun Livingston",23,99,92,99,92,2378,2378,0,0,0,0
"21400038","LAL","Jeremy Lin, Jordan Clarkson, Jordan Hill, Kobe Bryant, Ronnie Price",23,100,122,100,122,2775,2775,0,0,0,0
"21400038","GSW","Andre Iguodala, Andrew Bogut, Draymond Green, Leandro Barbosa, Stephen Curry",24,99,92,101,94,2378,2440,2,2,0,62
"21400038","LAL","Jeremy Lin, Jordan Clarkson, Kobe Bryant, Robert Sacre, Ronnie Price",24,100,122,100,122,2775,2775,0,0,0,0
"21400038","GSW","Andre Iguodala, Andrew Bogut, Draymond Green, Klay Thompson, Stephen Curry",25,101,94,122,100,2440,2775,21,6,15,335
"21400038","LAL","Jeremy Lin, Jordan Clarkson, Robert Sacre, Ronnie Price, Wayne Ellington",25,100,122,100,122,2775,2775,0,0,0,0
"21400038","GSW","Andre Iguodala, Draymond Green, Klay Thompson, Shaun Livingston, Stephen Curry",26,122,100,122,100,2775,2775,0,0,0,0
"21400038","LAL","Ed Davis, Jordan Clarkson, Robert Sacre, Ronnie Price, Wayne Ellington",26,100,122,104,127,2775,2880,4,5,-1,105
"21400038","GSW","Andre Iguodala, Draymond Green, Klay Thompson, Leandro Barbosa, Shaun Livingston",27,122,100,122,100,2775,2775,0,0,0,0
"21400038","GSW","Draymond Green, Harrison Barnes, Klay Thompson, Leandro Barbosa, Shaun Livingston",28,122,100,122,101,2775,2777,0,1,-1,2
"21400038","GSW","Draymond Green, Harrison Barnes, Justin Holiday, Leandro Barbosa, Shaun Livingston",29,122,101,127,104,2777,2880,5,3,2,103
"21400039","LAC","Blake Griffin, Chris Paul, DeAndre Jordan, JJ Redick, Matt Barnes",0,0,0,13,15,0,472,13,15,-2,472
"21400039","SAC","Ben McLemore, Darren Collison, DeMarcus Cousins, Jason Thompson, Rudy Gay",0,0,0,13,13,0,447,13,13,0,447
"21400039","LAC","Blake Griffin, Chris Paul, DeAndre Jordan, Jordan Farmar, Matt Barnes",1,13,15,13,19,472,530,0,4,-4,58
"21400039","SAC","Darren Collison, DeMarcus Cousins, Jason Thompson, Nik Stauskas, Rudy Gay",1,13,13,25,17,447,625,12,4,8,178
"21400039","LAC","Blake Griffin, Chris Douglas-Roberts, Chris Paul, DeAndre Jordan, Jordan Farmar",2,13,19,13,19,530,530,0,0,0,0
"21400039","SAC","Darren Collison, Jason Thompson, Nik Stauskas, Reggie Evans, Rudy Gay",2,25,17,25,19,625,720,0,2,-2,95
"21400039","LAC","Blake Griffin, Chris Douglas-Roberts, Chris Paul, Jordan Farmar, Spencer Hawes",3,13,19,19,25,530,704,6,6,0,174
"21400039","SAC","Carl Landry, Nik Stauskas, Omri Casspi, Ramon Sessions, Reggie Evans",3,25,19,30,27,720,865,5,8,-3,145
"21400039","LAC","Blake Griffin, Chris Douglas-Roberts, Jared Cunningham, Jordan Farmar, Spencer Hawes",4,19,25,19,25,704,720,0,0,0,16
"21400039","SAC","Carl Landry, Derrick Williams, Nik Stauskas, Omri Casspi, Ramon Sessions",4,30,27,30,34,865,967,0,7,-7,102
"21400039","LAC","Chris Douglas-Roberts, Hedo Turkoglu, Jared Cunningham, Jordan Farmar, Spencer Hawes",5,19,25,38,33,720,1067,19,8,11,347
"21400039","SAC","Carl Landry, Darren Collison, Derrick Williams, Nik Stauskas, Omri Casspi",5,30,34,30,34,967,967,0,0,0,0
"21400039","LAC","Chris Douglas-Roberts, DeAndre Jordan, Hedo Turkoglu, Jared Cunningham, Jordan Farmar",6,38,33,38,33,1067,1067,0,0,0,0
"21400039","SAC","Darren Collison, DeMarcus Cousins, Derrick Williams, Nik Stauskas, Omri Casspi",6,30,34,30,34,967,967,0,0,0,0
"21400039","LAC","Blake Griffin, Chris Douglas-Roberts, DeAndre Jordan, Jared Cunningham, Jordan Farmar",7,38,33,38,35,1067,1092,0,2,-2,25
"21400039","SAC","Darren Collison, DeMarcus Cousins, Derrick Williams, Nik Stauskas, Rudy Gay",7,30,34,33,38,967,1067,3,4,-1,100
"21400039","LAC","Blake Griffin, Chris Douglas-Roberts, Chris Paul, DeAndre Jordan, Jared Cunningham",8,38,35,38,35,1092,1092,0,0,0,0
"21400039","SAC","Ben McLemore, Darren Collison, DeMarcus Cousins, Derrick Williams, Rudy Gay",8,33,38,35,38,1067,1092,2,0,2,25
"21400039","LAC","Blake Griffin, Chris Paul, DeAndre Jordan, Jared Cunningham, JJ Redick",9,38,35,38,35,1092,1092,0,0,0,0
"21400039","SAC","Ben McLemore, Darren Collison, DeMarcus Cousins, Jason Thompson, Rudy Gay",9,35,38,37,42,1092,1216,2,4,-2,124
"21400039","LAC","Blake Griffin, Chris Paul, DeAndre Jordan, JJ Redick, Matt Barnes",10,38,35,42,38,1092,1239,4,3,1,147
"21400039","SAC","Darren Collison, DeMarcus Cousins, Jason Thompson, Nik Stauskas, Rudy Gay",10,37,42,40,44,1216,1299,3,2,1,83
"21400039","LAC","Blake Griffin, Chris Paul, JJ Redick, Matt Barnes, Spencer Hawes",11,42,38,51,45,1239,1440,9,7,2,201
"21400039","SAC","Darren Collison, Jason Thompson, Nik Stauskas, Reggie Evans, Rudy Gay",11,40,44,45,51,1299,1440,5,7,-2,141
"21400039","LAC","Blake Griffin, Chris Paul, DeAndre Jordan, JJ Redick, Matt Barnes",12,51,45,64,54,1440,1776,13,9,4,336
"21400039","SAC","Ben McLemore, Darren Collison, DeMarcus Cousins, Jason Thompson, Rudy Gay",12,45,51,63,69,1440,1915,18,18,0,475
"21400039","LAC","Blake Griffin, Chris Paul, JJ Redick, Matt Barnes, Spencer Hawes",13,64,54,72,65,1776,2038,8,11,-3,262
"21400039","SAC","Ben McLemore, Carl Landry, Darren Collison, Jason Thompson, Rudy Gay",13,63,69,65,72,1915,2038,2,3,-1,123
"21400039","LAC","Blake Griffin, Chris Douglas-Roberts, Chris Paul, JJ Redick, Spencer Hawes",14,72,65,72,65,2038,2038,0,0,0,0
"21400039","SAC","Carl Landry, Darren Collison, Jason Thompson, Nik Stauskas, Rudy Gay",14,65,72,70,74,2038,2160,5,2,3,122
"21400039","LAC","Blake Griffin, Chris Douglas-Roberts, Chris Paul, Jordan Farmar, Spencer Hawes",15,72,65,74,70,2038,2160,2,5,-3,122
"21400039","SAC","Carl Landry, DeMarcus Cousins, Nik Stauskas, Omri Casspi, Ramon Sessions",15,70,74,83,82,2160,2434,13,8,5,274
"21400039","LAC","Blake Griffin, Chris Douglas-Roberts, Jared Cunningham, Jordan Farmar, Spencer Hawes",16,74,70,74,70,2160,2160,0,0,0,0
"21400039","SAC","Carl Landry, Darren Collison, Nik Stauskas, Omri Casspi, Ramon Sessions",16,83,82,83,82,2434,2434,0,0,0,0
"21400039","LAC","Chris Douglas-Roberts, Hedo Turkoglu, Jared Cunningham, Jordan Farmar, Spencer Hawes",17,74,70,82,80,2160,2346,8,10,-2,186
"21400039","SAC","Carl Landry, Darren Collison, Jason Thompson, Omri Casspi, Ramon Sessions",17,83,82,83,82,2434,2468,0,0,0,34
"21400039","LAC","Hedo Turkoglu, Jared Cunningham, JJ Redick, Jordan Farmar, Spencer Hawes",18,82,80,82,80,2346,2346,0,0,0,0
"21400039","SAC","Carl Landry, Darren Collison, Jason Thompson, Omri Casspi, Rudy Gay",18,83,82,83,84,2468,2504,0,2,-2,36
"21400039","LAC","DeAndre Jordan, Hedo Turkoglu, Jared Cunningham, JJ Redick, Jordan Farmar",19,82,80,82,80,2346,2404,0,0,0,58
"21400039","SAC","Darren Collison, DeMarcus Cousins, Jason Thompson, Omri Casspi, Rudy Gay",19,83,84,96,92,2504,2862,13,8,5,358
"21400039","LAC","Chris Paul, DeAndre Jordan, Hedo Turkoglu, JJ Redick, Jordan Farmar",20,82,80,82,80,2404,2404,0,0,0,0
"21400039","SAC","Ben McLemore, Darren Collison, Jason Thompson, Omri Casspi, Rudy Gay",20,96,92,98,92,2862,2880,2,0,2,18
"21400039","LAC","Blake Griffin, Chris Paul, DeAndre Jordan, JJ Redick, Jordan Farmar",21,82,80,82,83,2404,2468,0,3,-3,64
"21400039","LAC","Blake Griffin, Chris Paul, DeAndre Jordan, JJ Redick, Matt Barnes",22,82,83,90,94,2468,2828,8,11,-3,360
"21400039","LAC","Blake Griffin, Chris Paul, JJ Redick, Matt Barnes, Spencer Hawes",23,90,94,90,94,2828,2855,0,0,0,27
"21400039","LAC","Blake Griffin, Chris Paul, JJ Redick, Jordan Farmar, Spencer Hawes",24,90,94,90,94,2855,2855,0,0,0,0
"21400039","LAC","Blake Griffin, Chris Paul, DeAndre Jordan, JJ Redick, Jordan Farmar",25,90,94,92,96,2855,2862,2,2,0,7
"21400039","LAC","Blake Griffin, Chris Paul, JJ Redick, Jordan Farmar, Spencer Hawes",26,92,96,92,98,2862,2880,0,2,-2,18
"21400040","MIA","Chris Bosh, Dwyane Wade, Luol Deng, Norris Cole, Shawne Williams",0,0,0,16,10,0,295,16,10,6,295
"21400040","TOR","DeMar DeRozan, Jonas Valanciunas, Kyle Lowry, Patrick Patterson, Terrence Ross",0,0,0,14,22,0,419,14,22,-8,419
"21400040","MIA","Dwyane Wade, Justin Hamilton, Luol Deng, Norris Cole, Shawne Williams",1,16,10,24,16,295,456,8,6,2,161
"21400040","TOR","DeMar DeRozan, Kyle Lowry, Patrick Patterson, Terrence Ross, Tyler Hansbrough",1,14,22,18,24,419,495,4,2,2,76
"21400040","MIA","Dwyane Wade, Justin Hamilton, Mario Chalmers, Norris Cole, Shawne Williams",2,24,16,24,18,456,495,0,2,-2,39
"21400040","TOR","DeMar DeRozan, Kyle Lowry, Lou Williams, Patrick Patterson, Tyler Hansbrough",2,18,24,18,24,495,495,0,0,0,0
"21400040","MIA","Chris Bosh, Dwyane Wade, Justin Hamilton, Mario Chalmers, Norris Cole",3,24,18,24,18,495,495,0,0,0,0
"21400040","TOR","Chuck Hayes, DeMar DeRozan, Kyle Lowry, Lou Williams, Tyler Hansbrough",3,18,24,24,31,495,685,6,7,-1,190
"21400040","MIA","Chris Bosh, James Ennis III, Justin Hamilton, Mario Chalmers, Norris Cole",4,24,18,31,26,495,720,7,8,-1,225
"21400040","TOR","Chuck Hayes, Greivis Vasquez, Kyle Lowry, Lou Williams, Tyler Hansbrough",4,24,31,26,31,685,720,2,0,2,35
"21400040","MIA","Chris Bosh, James Ennis III, Josh McRoberts, Mario Chalmers, Shabazz Napier",5,31,26,31,28,720,796,0,2,-2,76
"21400040","TOR","Chuck Hayes, Greivis Vasquez, James Johnson, Lou Williams, Tyler Hansbrough",5,26,31,32,38,720,923,6,7,-1,203
"21400040","MIA","Chris Bosh, Josh McRoberts, Luol Deng, Mario Chalmers, Shabazz Napier",6,31,28,38,33,796,963,7,5,2,167
"21400040","TOR","Chuck Hayes, Greivis Vasquez, James Johnson, Lou Williams, Patrick Patterson",6,32,38,32,38,923,923,0,0,0,0
"21400040","MIA","Chris Bosh, Dwyane Wade, Josh McRoberts, Luol Deng, Shabazz Napier",7,38,33,38,33,963,963,0,0,0,0
"21400040","TOR","Greivis Vasquez, James Johnson, Jonas Valanciunas, Lou Williams, Patrick Patterson",7,32,38,33,39,923,999,1,1,0,76
"21400040","MIA","Chris Bosh, Dwyane Wade, Luol Deng, Shabazz Napier, Shawne Williams",8,38,33,39,33,963,995,1,0,1,32
"21400040","TOR","DeMar DeRozan, Greivis Vasquez, James Johnson, Jonas Valanciunas, Lou Williams",8,33,39,38,43,999,1092,5,4,1,93
"21400040","MIA","Dwyane Wade, Justin Hamilton, Luol Deng, Shabazz Napier, Shawne Williams",9,39,33,49,43,995,1217,10,10,0,222
"21400040","TOR","DeMar DeRozan, Greivis Vasquez, James Johnson, Jonas Valanciunas, Kyle Lowry",9,38,43,44,51,1092,1251,6,8,-2,159
"21400040","MIA","Chris Bosh, Dwyane Wade, Luol Deng, Shabazz Napier, Shawne Williams",10,49,43,49,43,1217,1217,0,0,0,0
"21400040","TOR","DeMar DeRozan, Greivis Vasquez, Jonas Valanciunas, Kyle Lowry, Terrence Ross",10,44,51,54,64,1251,1440,10,13,-3,189
"21400040","MIA","Chris Bosh, Dwyane Wade, Luol Deng, Norris Cole, Shawne Williams",11,49,43,51,47,1217,1269,2,4,-2,52
"21400040","TOR","DeMar DeRozan, Jonas Valanciunas, Kyle Lowry, Patrick Patterson, Terrence Ross",11,54,64,62,77,1440,1760,8,13,-5,320
"21400040","MIA","Chris Bosh, Dwyane Wade, Luol Deng, Mario Chalmers, Norris Cole",12,51,47,59,50,1269,1366,8,3,5,97
"21400040","TOR","DeMar DeRozan, Greivis Vasquez, Jonas Valanciunas, Kyle Lowry, Patrick Patterson",12,62,77,62,77,1760,1760,0,0,0,0
"21400040","MIA","Chris Bosh, Dwyane Wade, Luol Deng, Norris Cole, Shabazz Napier",13,59,50,59,50,1366,1366,0,0,0,0
"21400040","TOR","DeMar DeRozan, Greivis Vasquez, Jonas Valanciunas, Kyle Lowry, Tyler Hansbrough",13,62,77,71,87,1760,1985,9,10,-1,225
"21400040","MIA","Chris Bosh, Luol Deng, Norris Cole, Shabazz Napier, Shannon Brown",14,59,50,64,54,1366,1440,5,4,1,74
"21400040","TOR","DeMar DeRozan, Jonas Valanciunas, Kyle Lowry, Lou Williams, Tyler Hansbrough",14,71,87,75,87,1985,2065,4,0,4,80
"21400040","MIA","Chris Bosh, Dwyane Wade, Luol Deng, Norris Cole, Shawne Williams",15,64,54,73,60,1440,1710,9,6,3,270
"21400040","TOR","Chuck Hayes, DeMar DeRozan, Kyle Lowry, Lou Williams, Tyler Hansbrough",15,75,87,77,87,2065,2160,2,0,2,95
"21400040","MIA","Dwyane Wade, Justin Hamilton, Luol Deng, Norris Cole, Shawne Williams",16,73,60,83,69,1710,1895,10,9,1,185
"21400040","TOR","Chuck Hayes, James Johnson, Kyle Lowry, Lou Williams, Tyler Hansbrough",16,77,87,80,93,2160,2277,3,6,-3,117
"21400040","MIA","Chris Bosh, Dwyane Wade, Justin Hamilton, Luol Deng, Norris Cole",17,83,69,83,69,1895,1895,0,0,0,0
"21400040","TOR","Chuck Hayes, DeMar DeRozan, James Johnson, Lou Williams, Tyler Hansbrough",17,80,93,84,93,2277,2327,4,0,4,50
"21400040","MIA","Chris Bosh, Justin Hamilton, Luol Deng, Mario Chalmers, Norris Cole",18,83,69,87,75,1895,2065,4,6,-2,170
"21400040","TOR","DeMar DeRozan, Greivis Vasquez, James Johnson, Lou Williams, Tyler Hansbrough",18,84,93,93,98,2327,2589,9,5,4,262
"21400040","MIA","Chris Bosh, Justin Hamilton, Luol Deng, Mario Chalmers, Shabazz Napier",19,87,75,87,77,2065,2160,0,2,-2,95
"21400040","TOR","DeMar DeRozan, Greivis Vasquez, James Johnson, Kyle Lowry, Tyler Hansbrough",19,93,98,95,102,2589,2709,2,4,-2,120
"21400040","MIA","Chris Bosh, James Ennis III, Josh McRoberts, Mario Chalmers, Shabazz Napier",20,87,77,93,84,2160,2353,6,7,-1,193
"21400040","TOR","DeMar DeRozan, Greivis Vasquez, James Johnson, Jonas Valanciunas, Kyle Lowry",20,95,102,98,105,2709,2832,3,3,0,123
"21400040","MIA","Chris Bosh, Dwyane Wade, Josh McRoberts, Mario Chalmers, Shabazz Napier",21,93,84,93,84,2353,2386,0,0,0,33
"21400040","TOR","DeMar DeRozan, Greivis Vasquez, Jonas Valanciunas, Kyle Lowry, Lou Williams",21,98,105,100,105,2832,2843,2,0,2,11
"21400040","MIA","Chris Bosh, Dwyane Wade, Mario Chalmers, Shabazz Napier, Shawne Williams",22,93,84,96,88,2386,2487,3,4,-1,101
"21400040","TOR","DeMar DeRozan, Greivis Vasquez, Kyle Lowry, Lou Williams, Tyler Hansbrough",22,100,105,100,105,2843,2843,0,0,0,0
"21400040","MIA","Chris Bosh, Dwyane Wade, Luol Deng, Mario Chalmers, Shawne Williams",23,96,88,102,95,2487,2709,6,7,-1,222
"21400040","TOR","DeMar DeRozan, Greivis Vasquez, James Johnson, Kyle Lowry, Tyler Hansbrough",23,100,105,100,106,2843,2856,0,1,-1,13
"21400040","MIA","Chris Bosh, Dwyane Wade, Luol Deng, Norris Cole, Shawne Williams",24,102,95,105,98,2709,2832,3,3,0,123
"21400040","TOR","DeMar DeRozan, James Johnson, Jonas Valanciunas, Kyle Lowry, Tyler Hansbrough",24,100,106,100,106,2856,2856,0,0,0,0
"21400040","MIA","Chris Bosh, Dwyane Wade, Luol Deng, Mario Chalmers, Norris Cole",25,105,98,105,100,2832,2849,0,2,-2,17
"21400040","TOR","DeMar DeRozan, James Johnson, Jonas Valanciunas, Kyle Lowry, Terrence Ross",25,100,106,100,106,2856,2856,0,0,0,0
"21400040","MIA","Chris Bosh, Dwyane Wade, Luol Deng, Norris Cole, Shabazz Napier",26,105,100,107,102,2849,2880,2,2,0,31
"21400040","TOR","DeMar DeRozan, Jonas Valanciunas, Kyle Lowry, Lou Williams, Terrence Ross",26,100,106,102,107,2856,2864,2,1,1,8
"21400040","TOR","DeMar DeRozan, Jonas Valanciunas, Kyle Lowry, Lou Williams, Tyler Hansbrough",27,102,107,102,107,2864,2864,0,0,0,0
"21400040","TOR","DeMar DeRozan, James Johnson, Jonas Valanciunas, Kyle Lowry, Tyler Hansbrough",28,102,107,102,107,2864,2864,0,0,0,0
"21400040","TOR","DeMar DeRozan, James Johnson, Jonas Valanciunas, Kyle Lowry, Lou Williams",29,102,107,102,107,2864,2864,0,0,0,0
"21400040","TOR","DeMar DeRozan, Jonas Valanciunas, Kyle Lowry, Lou Williams, Terrence Ross",30,102,107,102,107,2864,2880,0,0,0,16
"21400041","CHA","Al Jefferson, Kemba Walker, Lance Stephenson, Marvin Williams, Michael Kidd-Gilchrist",0,0,0,12,22,0,475,12,22,-10,475
"21400041","NYK","Carmelo Anthony, Iman Shumpert, Quincy Acy, Samuel Dalembert, Shane Larkin",0,0,0,17,7,0,319,17,7,10,319
"21400041","CHA","Al Jefferson, Cody Zeller, Kemba Walker, Lance Stephenson, Michael Kidd-Gilchrist",1,12,22,12,22,475,485,0,0,0,10
"21400041","NYK","Carmelo Anthony, JR Smith, Quincy Acy, Samuel Dalembert, Shane Larkin",1,17,7,22,12,319,475,5,5,0,156
"21400041","CHA","Al Jefferson, Cody Zeller, Gary Neal, Kemba Walker, Michael Kidd-Gilchrist",2,12,22,12,22,485,485,0,0,0,0
"21400041","NYK","Amar'e Stoudemire, Carmelo Anthony, JR Smith, Quincy Acy, Shane Larkin",2,22,12,22,12,475,475,0,0,0,0
"21400041","CHA","Cody Zeller, Gary Neal, Jason Maxiell, Kemba Walker, Michael Kidd-Gilchrist",3,12,22,16,25,485,574,4,3,1,89
"21400041","NYK","Amar'e Stoudemire, Carmelo Anthony, Jason Smith, JR Smith, Shane Larkin",3,22,12,24,14,475,535,2,2,0,60
"21400041","CHA","Cody Zeller, Gary Neal, Gerald Henderson, Jason Maxiell, Kemba Walker",4,16,25,16,27,574,608,0,2,-2,34
"21400041","NYK","Amar'e Stoudemire, Carmelo Anthony, Jason Smith, JR Smith, Pablo Prigioni",4,24,14,24,16,535,562,0,2,-2,27
"21400041","CHA","Brian Roberts, Cody Zeller, Gary Neal, Gerald Henderson, Jason Maxiell",5,16,27,28,36,608,890,12,9,3,282
"21400041","NYK","Amar'e Stoudemire, Jason Smith, JR Smith, Pablo Prigioni, Tim Hardaway Jr.",5,24,16,36,28,562,890,12,12,0,328
"21400041","CHA","Brian Roberts, Gary Neal, Gerald Henderson, Jason Maxiell, Lance Stephenson",6,28,36,28,36,890,890,0,0,0,0
"21400041","NYK","Amar'e Stoudemire, JR Smith, Pablo Prigioni, Shane Larkin, Tim Hardaway Jr.",6,36,28,36,28,890,890,0,0,0,0
"21400041","CHA","Al Jefferson, Brian Roberts, Gerald Henderson, Jason Maxiell, Lance Stephenson",7,28,36,28,36,890,890,0,0,0,0
"21400041","NYK","Amar'e Stoudemire, JR Smith, Pablo Prigioni, Samuel Dalembert, Shane Larkin",7,36,28,38,28,890,990,2,0,2,100
"21400041","CHA","Al Jefferson, Brian Roberts, Gerald Henderson, Lance Stephenson, Marvin Williams",8,28,36,28,41,890,1059,0,5,-5,169
"21400041","NYK","JR Smith, Pablo Prigioni, Quincy Acy, Samuel Dalembert, Shane Larkin",8,38,28,41,28,990,1059,3,0,3,69
"21400041","CHA","Al Jefferson, Gerald Henderson, Kemba Walker, Lance Stephenson, Marvin Williams",9,28,41,28,43,1059,1099,0,2,-2,40
"21400041","NYK","Carmelo Anthony, JR Smith, Quincy Acy, Samuel Dalembert, Shane Larkin",9,41,28,41,28,1059,1059,0,0,0,0
"21400041","CHA","Al Jefferson, Gary Neal, Kemba Walker, Lance Stephenson, Marvin Williams",10,28,43,33,45,1099,1207,5,2,3,108
"21400041","NYK","Carmelo Anthony, Iman Shumpert, Quincy Acy, Samuel Dalembert, Shane Larkin",10,41,28,45,33,1059,1207,4,5,-1,148
"21400041","CHA","Al Jefferson, Cody Zeller, Gary Neal, Kemba Walker, Lance Stephenson",11,33,45,50,52,1207,1440,17,7,10,233
"21400041","NYK","Carmelo Anthony, Iman Shumpert, Jason Smith, Samuel Dalembert, Shane Larkin",11,45,33,45,37,1207,1267,0,4,-4,60
"21400041","CHA","Al Jefferson, Gary Neal, Kemba Walker, Lance Stephenson, Marvin Williams",12,50,52,66,66,1440,1860,16,14,2,420
"21400041","NYK","Carmelo Anthony, Cole Aldrich, Iman Shumpert, Jason Smith, Shane Larkin",12,45,37,48,39,1267,1306,3,2,1,39
"21400041","CHA","Al Jefferson, Cody Zeller, Gary Neal, Kemba Walker, Lance Stephenson",13,66,66,66,66,1860,1860,0,0,0,0
"21400041","NYK","Carmelo Anthony, Cole Aldrich, Jason Smith, JR Smith, Shane Larkin",13,48,39,52,50,1306,1440,4,11,-7,134
"21400041","CHA","Al Jefferson, Cody Zeller, Gerald Henderson, Kemba Walker, Lance Stephenson",14,66,66,69,71,1860,1992,3,5,-2,132
"21400041","NYK","Carmelo Anthony, Iman Shumpert, Quincy Acy, Samuel Dalembert, Shane Larkin",14,52,50,54,55,1440,1527,2,5,-3,87
"21400041","CHA","Cody Zeller, Gerald Henderson, Jason Maxiell, Kemba Walker, Lance Stephenson",15,69,71,73,71,1992,2040,4,0,4,48
"21400041","NYK","Amar'e Stoudemire, Carmelo Anthony, Iman Shumpert, Quincy Acy, Shane Larkin",15,54,55,64,63,1527,1730,10,8,2,203
"21400041","CHA","Brian Roberts, Cody Zeller, Gerald Henderson, Jason Maxiell, Lance Stephenson",16,73,71,80,79,2040,2160,7,8,-1,120
"21400041","NYK","Amar'e Stoudemire, Carmelo Anthony, Cole Aldrich, Iman Shumpert, Shane Larkin",16,64,63,69,69,1730,1947,5,6,-1,217
"21400041","CHA","Brian Roberts, Cody Zeller, Gary Neal, Gerald Henderson, Jason Maxiell",17,80,79,84,83,2160,2375,4,4,0,215
"21400041","NYK","Amar'e Stoudemire, Carmelo Anthony, Cole Aldrich, Iman Shumpert, JR Smith",17,69,69,69,69,1947,1947,0,0,0,0
"21400041","CHA","Brian Roberts, Cody Zeller, Gary Neal, Jason Maxiell, Lance Stephenson",18,84,83,86,85,2375,2458,2,2,0,83
"21400041","NYK","Amar'e Stoudemire, Carmelo Anthony, Cole Aldrich, JR Smith, Pablo Prigioni",18,69,69,69,69,1947,1947,0,0,0,0
"21400041","CHA","Brian Roberts, Gary Neal, Jason Maxiell, Lance Stephenson, Marvin Williams",19,86,85,86,85,2458,2458,0,0,0,0
"21400041","NYK","Amar'e Stoudemire, Carmelo Anthony, Jason Smith, JR Smith, Pablo Prigioni",19,69,69,73,76,1947,2075,4,7,-3,128
"21400041","CHA","Al Jefferson, Brian Roberts, Gary Neal, Lance Stephenson, Marvin Williams",20,86,85,89,90,2458,2651,3,5,-2,193
"21400041","NYK","Amar'e Stoudemire, Jason Smith, JR Smith, Pablo Prigioni, Tim Hardaway Jr.",20,73,76,83,84,2075,2375,10,8,2,300
"21400041","CHA","Al Jefferson, Gary Neal, Kemba Walker, Lance Stephenson, Marvin Williams",21,89,90,93,95,2651,2844,4,5,-1,193
"21400041","NYK","Jason Smith, JR Smith, Pablo Prigioni, Quincy Acy, Tim Hardaway Jr.",21,83,84,83,84,2375,2375,0,0,0,0
"21400041","CHA","Al Jefferson, Gerald Henderson, Kemba Walker, Lance Stephenson, Marvin Williams",22,93,95,93,95,2844,2864,0,0,0,20
"21400041","NYK","Carmelo Anthony, Jason Smith, JR Smith, Pablo Prigioni, Quincy Acy",22,83,84,83,86,2375,2413,0,2,-2,38
"21400041","CHA","Al Jefferson, Gary Neal, Kemba Walker, Lance Stephenson, Marvin Williams",23,93,95,93,96,2864,2880,0,1,-1,16
"21400041","NYK","Carmelo Anthony, Iman Shumpert, Jason Smith, Pablo Prigioni, Quincy Acy",23,83,86,85,86,2413,2458,2,0,2,45
"21400041","NYK","Carmelo Anthony, Iman Shumpert, Pablo Prigioni, Quincy Acy, Samuel Dalembert",24,85,86,88,89,2458,2613,3,3,0,155
"21400041","NYK","Carmelo Anthony, Iman Shumpert, JR Smith, Pablo Prigioni, Samuel Dalembert",25,88,89,95,93,2613,2844,7,4,3,231
"21400041","NYK","Amar'e Stoudemire, Carmelo Anthony, Iman Shumpert, JR Smith, Pablo Prigioni",26,95,93,95,93,2844,2864,0,0,0,20
"21400041","NYK","Carmelo Anthony, Iman Shumpert, JR Smith, Pablo Prigioni, Samuel Dalembert",27,95,93,96,93,2864,2880,1,0,1,16
"21400042","GSW","Andrew Bogut, Draymond Green, Harrison Barnes, Klay Thompson, Stephen Curry",0,0,0,19,9,0,408,19,9,10,408
"21400042","POR","Damian Lillard, LaMarcus Aldridge, Nicolas Batum, Robin Lopez, Wesley Matthews",0,0,0,9,19,0,408,9,19,-10,408
"21400042","GSW","Andrew Bogut, Harrison Barnes, Klay Thompson, Marreese Speights, Stephen Curry",1,19,9,21,14,408,455,2,5,-3,47
"21400042","POR","Damian Lillard, LaMarcus Aldridge, Nicolas Batum, Robin Lopez, Steve Blake",1,9,19,9,19,408,408,0,0,0,0
"21400042","GSW","Andre Iguodala, Andrew Bogut, Klay Thompson, Marreese Speights, Stephen Curry",2,21,14,24,18,455,537,3,4,-1,82
"21400042","POR","Chris Kaman, Damian Lillard, LaMarcus Aldridge, Nicolas Batum, Steve Blake",2,9,19,18,24,408,537,9,5,4,129
"21400042","GSW","Andre Iguodala, Festus Ezeli, Klay Thompson, Marreese Speights, Stephen Curry",3,24,18,26,18,537,584,2,0,2,47
"21400042","POR","Chris Kaman, CJ McCollum, LaMarcus Aldridge, Nicolas Batum, Steve Blake",3,18,24,18,24,537,543,0,0,0,6
"21400042","GSW","Andre Iguodala, Festus Ezeli, Klay Thompson, Leandro Barbosa, Marreese Speights",4,26,18,28,22,584,680,2,4,-2,96
"21400042","POR","Chris Kaman, CJ McCollum, LaMarcus Aldridge, Steve Blake, Will Barton",4,18,24,22,28,543,680,4,4,0,137
"21400042","GSW","Andre Iguodala, Festus Ezeli, Leandro Barbosa, Marreese Speights, Shaun Livingston",5,28,22,38,26,680,861,10,4,6,181
"21400042","POR","Chris Kaman, CJ McCollum, Robin Lopez, Steve Blake, Will Barton",5,22,28,22,30,680,720,0,2,-2,40
"21400042","GSW","Andre Iguodala, Festus Ezeli, Harrison Barnes, Leandro Barbosa, Shaun Livingston",6,38,26,38,28,861,944,0,2,-2,83
"21400042","POR","Damian Lillard, Robin Lopez, Steve Blake, Thomas Robinson, Will Barton",6,22,30,26,38,720,861,4,8,-4,141
"21400042","GSW","Andre Iguodala, Andrew Bogut, Harrison Barnes, Leandro Barbosa, Shaun Livingston",7,38,28,38,32,944,1030,0,4,-4,86
"21400042","POR","Damian Lillard, Robin Lopez, Thomas Robinson, Wesley Matthews, Will Barton",7,26,38,28,38,861,944,2,0,2,83
"21400042","GSW","Andre Iguodala, Andrew Bogut, Draymond Green, Leandro Barbosa, Shaun Livingston",8,38,32,38,32,1030,1030,0,0,0,0
"21400042","POR","Chris Kaman, Damian Lillard, Thomas Robinson, Wesley Matthews, Will Barton",8,28,38,32,38,944,1031,4,0,4,87
"21400042","GSW","Andre Iguodala, Andrew Bogut, Draymond Green, Klay Thompson, Leandro Barbosa",9,38,32,38,32,1030,1031,0,0,0,1
"21400042","POR","Chris Kaman, Damian Lillard, Nicolas Batum, Thomas Robinson, Wesley Matthews",9,32,38,39,42,1031,1186,7,4,3,155
"21400042","GSW","Andre Iguodala, Andrew Bogut, Draymond Green, Klay Thompson, Stephen Curry",10,38,32,47,45,1031,1239,9,13,-4,208
"21400042","POR","Chris Kaman, Damian Lillard, LaMarcus Aldridge, Nicolas Batum, Wesley Matthews",10,39,42,39,42,1186,1186,0,0,0,0
"21400042","GSW","Andrew Bogut, Draymond Green, Harrison Barnes, Klay Thompson, Stephen Curry",11,47,45,51,47,1239,1349,4,2,2,110
"21400042","POR","Chris Kaman, LaMarcus Aldridge, Nicolas Batum, Steve Blake, Wesley Matthews",11,39,42,45,47,1186,1239,6,5,1,53
"21400042","GSW","Andrew Bogut, Harrison Barnes, Klay Thompson, Marreese Speights, Stephen Curry",12,51,47,51,47,1349,1349,0,0,0,0
"21400042","POR","LaMarcus Aldridge, Nicolas Batum, Robin Lopez, Steve Blake, Wesley Matthews",12,45,47,47,50,1239,1302,2,3,-1,63
"21400042","GSW","Andrew Bogut, Harrison Barnes, Leandro Barbosa, Marreese Speights, Stephen Curry",13,51,47,51,48,1349,1406,0,1,-1,57
"21400042","POR","Damian Lillard, LaMarcus Aldridge, Nicolas Batum, Robin Lopez, Wesley Matthews",13,47,50,48,51,1302,1406,1,1,0,104
"21400042","GSW","Festus Ezeli, Harrison Barnes, Leandro Barbosa, Marreese Speights, Stephen Curry",14,51,48,51,48,1406,1440,0,0,0,34
"21400042","POR","Damian Lillard, LaMarcus Aldridge, Robin Lopez, Steve Blake, Wesley Matthews",14,48,51,48,51,1406,1406,0,0,0,0
"21400042","GSW","Andrew Bogut, Draymond Green, Harrison Barnes, Klay Thompson, Stephen Curry",15,51,48,63,56,1440,1765,12,8,4,325
"21400042","POR","Chris Kaman, Damian Lillard, LaMarcus Aldridge, Steve Blake, Wesley Matthews",15,48,51,48,51,1406,1440,0,0,0,34
"21400042","GSW","Andre Iguodala, Andrew Bogut, Draymond Green, Klay Thompson, Stephen Curry",16,63,56,64,58,1765,1825,1,2,-1,60
"21400042","POR","Damian Lillard, LaMarcus Aldridge, Nicolas Batum, Robin Lopez, Wesley Matthews",16,48,51,56,61,1440,1703,8,10,-2,263
"21400042","GSW","Andre Iguodala, Draymond Green, Festus Ezeli, Klay Thompson, Stephen Curry",17,64,58,64,60,1825,1938,0,2,-2,113
"21400042","POR","Chris Kaman, Damian Lillard, LaMarcus Aldridge, Nicolas Batum, Wesley Matthews",17,56,61,60,64,1703,1938,4,3,1,235
"21400042","GSW","Andre Iguodala, Draymond Green, Festus Ezeli, Klay Thompson, Shaun Livingston",18,64,60,68,68,1938,2140,4,8,-4,202
"21400042","POR","Chris Kaman, Damian Lillard, LaMarcus Aldridge, Nicolas Batum, Steve Blake",18,60,64,64,64,1938,1988,4,0,4,50
"21400042","GSW","Andre Iguodala, Draymond Green, Festus Ezeli, Leandro Barbosa, Shaun Livingston",19,68,68,68,68,2140,2140,0,0,0,0
"21400042","POR","Chris Kaman, Damian Lillard, LaMarcus Aldridge, Steve Blake, Will Barton",19,64,64,68,68,1988,2140,4,4,0,152
"21400042","GSW","Andre Iguodala, Festus Ezeli, Leandro Barbosa, Marreese Speights, Shaun Livingston",20,68,68,68,68,2140,2140,0,0,0,0
"21400042","POR","Damian Lillard, LaMarcus Aldridge, Steve Blake, Wesley Matthews, Will Barton",20,68,68,68,68,2140,2160,0,0,0,20
"21400042","GSW","Andre Iguodala, Leandro Barbosa, Marreese Speights, Shaun Livingston, Stephen Curry",21,68,68,68,68,2140,2160,0,0,0,20
"21400042","POR","Chris Kaman, Steve Blake, Thomas Robinson, Wesley Matthews, Will Barton",21,68,68,73,74,2160,2332,5,6,-1,172
"21400042","GSW","Andre Iguodala, Harrison Barnes, Leandro Barbosa, Marreese Speights, Shaun Livingston",22,68,68,74,73,2160,2332,6,5,1,172
"21400042","POR","Robin Lopez, Steve Blake, Thomas Robinson, Wesley Matthews, Will Barton",22,73,74,76,76,2332,2439,3,2,1,107
"21400042","GSW","Andre Iguodala, Andrew Bogut, Harrison Barnes, Leandro Barbosa, Shaun Livingston",23,74,73,79,80,2332,2542,5,7,-2,210
"21400042","POR","Damian Lillard, Robin Lopez, Steve Blake, Thomas Robinson, Wesley Matthews",23,76,76,76,76,2439,2439,0,0,0,0
"21400042","GSW","Andre Iguodala, Andrew Bogut, Klay Thompson, Leandro Barbosa, Shaun Livingston",24,79,80,79,80,2542,2542,0,0,0,0
"21400042","POR","Damian Lillard, Nicolas Batum, Robin Lopez, Steve Blake, Thomas Robinson",24,76,76,80,79,2439,2542,4,3,1,103
"21400042","GSW","Andre Iguodala, Andrew Bogut, Draymond Green, Klay Thompson, Shaun Livingston",25,79,80,79,80,2542,2542,0,0,0,0
"21400042","POR","Damian Lillard, LaMarcus Aldridge, Nicolas Batum, Robin Lopez, Steve Blake",25,80,79,84,85,2542,2681,4,6,-2,139
"21400042","GSW","Andre Iguodala, Andrew Bogut, Draymond Green, Klay Thompson, Stephen Curry",26,79,80,88,90,2542,2834,9,10,-1,292
"21400042","POR","Damian Lillard, LaMarcus Aldridge, Nicolas Batum, Robin Lopez, Wesley Matthews",26,84,85,90,88,2681,2834,6,3,3,153
"21400042","GSW","Andre Iguodala, Draymond Green, Harrison Barnes, Klay Thompson, Stephen Curry",27,88,90,89,90,2834,2854,1,0,1,20
"21400042","POR","Damian Lillard, LaMarcus Aldridge, Nicolas Batum, Steve Blake, Wesley Matthews",27,90,88,90,89,2834,2854,0,1,-1,20
"21400042","GSW","Andre Iguodala, Andrew Bogut, Draymond Green, Klay Thompson, Stephen Curry",28,89,90,89,90,2854,2855,0,0,0,1
"21400042","POR","Damian Lillard, LaMarcus Aldridge, Nicolas Batum, Robin Lopez, Wesley Matthews",28,90,89,90,89,2854,2855,0,0,0,1
"21400042","GSW","Andre Iguodala, Draymond Green, Harrison Barnes, Klay Thompson, Stephen Curry",29,89,90,89,90,2855,2855,0,0,0,0
"21400042","POR","Damian Lillard, LaMarcus Aldridge, Nicolas Batum, Steve Blake, Wesley Matthews",29,90,89,90,89,2855,2866,0,0,0,11
"21400042","GSW","Andre Iguodala, Harrison Barnes, Klay Thompson, Shaun Livingston, Stephen Curry",30,89,90,89,90,2855,2866,0,0,0,11
"21400042","POR","Damian Lillard, LaMarcus Aldridge, Nicolas Batum, Robin Lopez, Wesley Matthews",30,90,89,90,91,2866,2872,0,2,-2,6
"21400042","GSW","Andre Iguodala, Andrew Bogut, Klay Thompson, Shaun Livingston, Stephen Curry",31,89,90,89,90,2866,2866,0,0,0,0
"21400042","POR","Damian Lillard, LaMarcus Aldridge, Nicolas Batum, Steve Blake, Wesley Matthews",31,90,91,90,95,2872,2880,0,4,-4,8
"21400042","GSW","Andre Iguodala, Andrew Bogut, Draymond Green, Klay Thompson, Stephen Curry",32,89,90,91,90,2866,2872,2,0,2,6
"21400042","GSW","Andre Iguodala, Draymond Green, Harrison Barnes, Klay Thompson, Stephen Curry",33,91,90,95,90,2872,2880,4,0,4,8
"21400043","HOU","Dwight Howard, Isaiah Canaan, James Harden, Terrence Jones, Trevor Ariza",0,0,0,19,15,0,412,19,15,4,412
"21400043","PHI","Brandon Davies, Hollis Thompson, Luc Mbah a Moute, Nerlens Noel, Tony Wroten",0,0,0,9,16,0,318,9,16,-7,318
"21400043","HOU","Donatas Motiejunas, Isaiah Canaan, James Harden, Terrence Jones, Trevor Ariza",1,19,15,19,15,412,453,0,0,0,41
"21400043","PHI","Brandon Davies, Hollis Thompson, KJ McDaniels, Nerlens Noel, Tony Wroten",1,9,16,15,19,318,412,6,3,3,94
"21400043","HOU","Donatas Motiejunas, James Harden, Jason Terry, Terrence Jones, Trevor Ariza",2,19,15,27,17,453,591,8,2,6,138
"21400043","PHI","Henry Sims, Hollis Thompson, KJ McDaniels, Nerlens Noel, Tony Wroten",2,15,19,15,19,412,412,0,0,0,0
"21400043","HOU","Donatas Motiejunas, Isaiah Canaan, James Harden, Jason Terry, Terrence Jones",3,27,17,27,17,591,591,0,0,0,0
"21400043","PHI","Henry Sims, KJ McDaniels, Malcolm Thomas, Nerlens Noel, Tony Wroten",3,15,19,15,19,412,412,0,0,0,0
"21400043","HOU","Donatas Motiejunas, Isaiah Canaan, James Harden, Jason Terry, Kostas Papanikolaou",4,27,17,27,17,591,591,0,0,0,0
"21400043","PHI","Chris Johnson, Henry Sims, KJ McDaniels, Malcolm Thomas, Tony Wroten",4,15,19,15,19,412,453,0,0,0,41
"21400043","HOU","Donatas Motiejunas, Dwight Howard, Isaiah Canaan, Jason Terry, Kostas Papanikolaou",5,27,17,32,21,591,760,5,4,1,169
"21400043","PHI","Alexey Shved, Chris Johnson, Henry Sims, KJ McDaniels, Malcolm Thomas",5,15,19,21,32,453,737,6,13,-7,284
"21400043","HOU","Donatas Motiejunas, Dwight Howard, Jason Terry, Kostas Papanikolaou, Trevor Ariza",6,32,21,34,27,760,837,2,6,-4,77
"21400043","PHI","Alexey Shved, Chris Johnson, KJ McDaniels, Malcolm Thomas, Nerlens Noel",6,21,32,27,34,737,837,6,2,4,100
"21400043","HOU","Donatas Motiejunas, Dwight Howard, James Harden, Kostas Papanikolaou, Trevor Ariza",7,34,27,35,30,837,913,1,3,-2,76
"21400043","PHI","Alexey Shved, Chris Johnson, Henry Sims, KJ McDaniels, Nerlens Noel",7,27,34,27,34,837,837,0,0,0,0
"21400043","HOU","Dwight Howard, James Harden, Kostas Papanikolaou, Terrence Jones, Trevor Ariza",8,35,30,39,38,913,1065,4,8,-4,152
"21400043","PHI","Alexey Shved, Chris Johnson, Henry Sims, Hollis Thompson, Nerlens Noel",8,27,34,27,34,837,881,0,0,0,44
"21400043","HOU","Dwight Howard, James Harden, Jason Terry, Terrence Jones, Trevor Ariza",9,39,38,48,46,1065,1276,9,8,1,211
"21400043","PHI","Alexey Shved, Henry Sims, Hollis Thompson, Nerlens Noel, Tony Wroten",9,27,34,27,34,881,881,0,0,0,0
"21400043","HOU","Dwight Howard, James Harden, Jason Terry, Kostas Papanikolaou, Terrence Jones",10,48,46,48,46,1276,1276,0,0,0,0
"21400043","PHI","Henry Sims, Hollis Thompson, Luc Mbah a Moute, Nerlens Noel, Tony Wroten",10,27,34,38,39,881,1065,11,5,6,184
"21400043","HOU","Donatas Motiejunas, Dwight Howard, James Harden, Jason Terry, Kostas Papanikolaou",11,48,46,48,46,1276,1276,0,0,0,0
"21400043","PHI","Brandon Davies, Hollis Thompson, Luc Mbah a Moute, Nerlens Noel, Tony Wroten",11,38,39,46,48,1065,1276,8,9,-1,211
"21400043","HOU","Donatas Motiejunas, James Harden, Jason Terry, Kostas Papanikolaou, Troy Daniels",12,48,46,55,54,1276,1440,7,8,-1,164
"21400043","PHI","Brandon Davies, Hollis Thompson, Malcolm Thomas, Nerlens Noel, Tony Wroten",12,46,48,46,48,1276,1276,0,0,0,0
"21400043","HOU","Dwight Howard, Isaiah Canaan, James Harden, Terrence Jones, Trevor Ariza",13,55,54,72,63,1440,1850,17,9,8,410
"21400043","PHI","Brandon Davies, Hollis Thompson, KJ McDaniels, Malcolm Thomas, Tony Wroten",13,46,48,46,48,1276,1276,0,0,0,0
"21400043","HOU","Dwight Howard, James Harden, Jason Terry, Terrence Jones, Trevor Ariza",14,72,63,72,63,1850,1850,0,0,0,0
"21400043","PHI","Alexey Shved, Brandon Davies, Hollis Thompson, KJ McDaniels, Malcolm Thomas",14,46,48,48,50,1276,1359,2,2,0,83
"21400043","HOU","Donatas Motiejunas, Dwight Howard, James Harden, Jason Terry, Trevor Ariza",15,72,63,72,68,1850,1921,0,5,-5,71
"21400043","PHI","Alexey Shved, Brandon Davies, Chris Johnson, KJ McDaniels, Malcolm Thomas",15,48,50,54,55,1359,1440,6,5,1,81
"21400043","HOU","Donatas Motiejunas, James Harden, Jason Terry, Kostas Papanikolaou, Trevor Ariza",16,72,68,77,69,1921,2056,5,1,4,135
"21400043","PHI","Brandon Davies, Hollis Thompson, Luc Mbah a Moute, Nerlens Noel, Tony Wroten",16,54,55,58,67,1440,1708,4,12,-8,268
"21400043","HOU","Donatas Motiejunas, Isaiah Canaan, James Harden, Jason Terry, Kostas Papanikolaou",17,77,69,77,69,2056,2056,0,0,0,0
"21400043","PHI","Brandon Davies, Henry Sims, Hollis Thompson, Luc Mbah a Moute, Tony Wroten",17,58,67,63,72,1708,1850,5,5,0,142
"21400043","HOU","Dwight Howard, Isaiah Canaan, James Harden, Jason Terry, Kostas Papanikolaou",18,77,69,79,74,2056,2160,2,5,-3,104
"21400043","PHI","Alexey Shved, Henry Sims, Hollis Thompson, Luc Mbah a Moute, Tony Wroten",18,63,72,63,72,1850,1877,0,0,0,27
"21400043","HOU","Dwight Howard, Isaiah Canaan, Jason Terry, Kostas Papanikolaou, Terrence Jones",19,79,74,84,78,2160,2371,5,4,1,211
"21400043","PHI","Alexey Shved, Henry Sims, Hollis Thompson, KJ McDaniels, Tony Wroten",19,63,72,68,72,1877,1921,5,0,5,44
"21400043","HOU","Dwight Howard, Jason Terry, Kostas Papanikolaou, Terrence Jones, Trevor Ariza",20,84,78,84,78,2371,2371,0,0,0,0
"21400043","PHI","Alexey Shved, Henry Sims, JaKarr Sampson, KJ McDaniels, Tony Wroten",20,68,72,68,74,1921,1954,0,2,-2,33
"21400043","HOU","Dwight Howard, James Harden, Jason Terry, Terrence Jones, Trevor Ariza",21,84,78,88,80,2371,2451,4,2,2,80
"21400043","PHI","Alexey Shved, JaKarr Sampson, KJ McDaniels, Nerlens Noel, Tony Wroten",21,68,74,69,77,1954,2056,1,3,-2,102
"21400043","HOU","Isaiah Canaan, James Harden, Jason Terry, Terrence Jones, Trevor Ariza",22,88,80,88,80,2451,2451,0,0,0,0
"21400043","PHI","Alexey Shved, Chris Johnson, JaKarr Sampson, KJ McDaniels, Nerlens Noel",22,69,77,78,82,2056,2257,9,5,4,201
"21400043","HOU","Donatas Motiejunas, Isaiah Canaan, James Harden, Terrence Jones, Trevor Ariza",23,88,80,93,84,2451,2605,5,4,1,154
"21400043","PHI","Alexey Shved, Chris Johnson, KJ McDaniels, Luc Mbah a Moute, Nerlens Noel",23,78,82,78,84,2257,2338,0,2,-2,81
"21400043","HOU","Donatas Motiejunas, Dwight Howard, Isaiah Canaan, James Harden, Trevor Ariza",24,93,84,102,86,2605,2749,9,2,7,144
"21400043","PHI","Alexey Shved, Brandon Davies, Chris Johnson, KJ McDaniels, Luc Mbah a Moute",24,78,84,80,84,2338,2406,2,0,2,68
"21400043","HOU","Donatas Motiejunas, Dwight Howard, Isaiah Canaan, Trevor Ariza, Troy Daniels",25,102,86,102,90,2749,2794,0,4,-4,45
"21400043","PHI","Alexey Shved, Brandon Davies, Chris Johnson, Hollis Thompson, Luc Mbah a Moute",25,80,84,80,85,2406,2419,0,1,-1,13
"21400043","HOU","Donatas Motiejunas, Dwight Howard, Isaiah Canaan, Kostas Papanikolaou, Troy Daniels",26,102,90,102,90,2794,2794,0,0,0,0
"21400043","PHI","Alexey Shved, Brandon Davies, Chris Johnson, Hollis Thompson, JaKarr Sampson",26,80,85,80,88,2419,2489,0,3,-3,70
"21400043","HOU","Donatas Motiejunas, Isaiah Canaan, Joey Dorsey, Kostas Papanikolaou, Troy Daniels",27,102,90,104,93,2794,2880,2,3,-1,86
"21400043","PHI","Brandon Davies, Chris Johnson, Hollis Thompson, JaKarr Sampson, Tony Wroten",27,80,88,80,88,2489,2491,0,0,0,2
"21400043","PHI","Brandon Davies, Hollis Thompson, JaKarr Sampson, KJ McDaniels, Tony Wroten",28,80,88,84,93,2491,2605,4,5,-1,114
"21400043","PHI","Hollis Thompson, JaKarr Sampson, KJ McDaniels, Luc Mbah a Moute, Tony Wroten",29,84,93,84,93,2605,2605,0,0,0,0
"21400043","PHI","Hollis Thompson, KJ McDaniels, Luc Mbah a Moute, Nerlens Noel, Tony Wroten",30,84,93,89,102,2605,2777,5,9,-4,172
"21400043","PHI","Hollis Thompson, JaKarr Sampson, KJ McDaniels, Nerlens Noel, Tony Wroten",31,89,102,90,102,2777,2794,1,0,1,17
"21400043","PHI","Hollis Thompson, JaKarr Sampson, KJ McDaniels, Malcolm Thomas, Tony Wroten",32,90,102,93,104,2794,2880,3,2,1,86
"21400044","BKN","Bojan Bogdanovic, Brook Lopez, Deron Williams, Joe Johnson, Kevin Garnett",0,0,0,4,5,0,169,4,5,-1,169
"21400044","OKC","Andre Roberson, Perry Jones III, Reggie Jackson, Serge Ibaka, Steven Adams",0,0,0,22,10,0,445,22,10,12,445
"21400044","BKN","Bojan Bogdanovic, Deron Williams, Joe Johnson, Kevin Garnett, Mason Plumlee",1,4,5,8,15,169,335,4,10,-6,166
"21400044","OKC","Andre Roberson, Kendrick Perkins, Perry Jones III, Reggie Jackson, Serge Ibaka",1,22,10,24,10,445,493,2,0,2,48
"21400044","BKN","Bojan Bogdanovic, Deron Williams, Jerome Jordan, Joe Johnson, Mason Plumlee",2,8,15,10,24,335,493,2,9,-7,158
"21400044","OKC","Andre Roberson, Kendrick Perkins, Lance Thomas, Reggie Jackson, Serge Ibaka",2,24,10,29,15,493,632,5,5,0,139
"21400044","BKN","Bojan Bogdanovic, Jarrett Jack, Jerome Jordan, Joe Johnson, Mason Plumlee",3,10,24,15,29,493,632,5,5,0,139
"21400044","OKC","Andre Roberson, Kendrick Perkins, Lance Thomas, Nick Collison, Reggie Jackson",3,29,15,29,15,632,632,0,0,0,0
"21400044","BKN","Bojan Bogdanovic, Jarrett Jack, Jerome Jordan, Joe Johnson, Mirza Teletovic",4,15,29,19,32,632,720,4,3,1,88
"21400044","OKC","Andre Roberson, Kendrick Perkins, Lance Thomas, Nick Collison, Sebastian Telfair",4,29,15,30,16,632,688,1,1,0,56
"21400044","BKN","Alan Anderson, Brook Lopez, Deron Williams, Jarrett Jack, Mirza Teletovic",5,19,32,21,35,720,769,2,3,-1,49
"21400044","OKC","Kendrick Perkins, Lance Thomas, Nick Collison, Perry Jones III, Sebastian Telfair",5,30,16,39,21,688,902,9,5,4,214
"21400044","BKN","Alan Anderson, Deron Williams, Jarrett Jack, Kevin Garnett, Mirza Teletovic",6,21,35,23,44,769,994,2,9,-7,225
"21400044","OKC","Kendrick Perkins, Nick Collison, Perry Jones III, Reggie Jackson, Sebastian Telfair",6,39,21,44,26,902,1052,5,5,0,150
"21400044","BKN","Alan Anderson, Brook Lopez, Deron Williams, Jarrett Jack, Kevin Garnett",7,23,44,26,46,994,1127,3,2,1,133
"21400044","OKC","Kendrick Perkins, Perry Jones III, Reggie Jackson, Sebastian Telfair, Serge Ibaka",7,44,26,46,26,1052,1127,2,0,2,75
"21400044","BKN","Brook Lopez, Deron Williams, Jarrett Jack, Joe Johnson, Kevin Garnett",8,26,46,31,52,1127,1238,5,6,-1,111
"21400044","OKC","Perry Jones III, Reggie Jackson, Sebastian Telfair, Serge Ibaka, Steven Adams",8,46,26,75,60,1127,1854,29,34,-5,727
"21400044","BKN","Bojan Bogdanovic, Brook Lopez, Deron Williams, Joe Johnson, Kevin Garnett",9,31,52,36,55,1238,1356,5,3,2,118
"21400044","OKC","Kendrick Perkins, Perry Jones III, Reggie Jackson, Sebastian Telfair, Serge Ibaka",9,75,60,77,60,1854,1952,2,0,2,98
"21400044","BKN","Alan Anderson, Bojan Bogdanovic, Brook Lopez, Deron Williams, Kevin Garnett",10,36,55,36,55,1356,1356,0,0,0,0
"21400044","OKC","Kendrick Perkins, Lance Thomas, Reggie Jackson, Sebastian Telfair, Serge Ibaka",10,77,60,85,62,1952,2160,8,2,6,208
"21400044","BKN","Alan Anderson, Bojan Bogdanovic, Brook Lopez, Deron Williams, Mason Plumlee",11,36,55,40,57,1356,1433,4,2,2,77
"21400044","OKC","Kendrick Perkins, Lance Thomas, Nick Collison, Perry Jones III, Reggie Jackson",11,85,62,90,64,2160,2261,5,2,3,101
"21400044","BKN","Alan Anderson, Bojan Bogdanovic, Deron Williams, Jerome Jordan, Mason Plumlee",12,40,57,40,59,1433,1440,0,2,-2,7
"21400044","OKC","Lance Thomas, Nick Collison, Perry Jones III, Reggie Jackson, Steven Adams",12,90,64,93,64,2261,2328,3,0,3,67
"21400044","BKN","Bojan Bogdanovic, Brook Lopez, Deron Williams, Joe Johnson, Kevin Garnett",13,40,59,51,70,1440,1687,11,11,0,247
"21400044","OKC","Lance Thomas, Nick Collison, Perry Jones III, Sebastian Telfair, Steven Adams",13,93,64,97,69,2328,2433,4,5,-1,105
"21400044","BKN","Brook Lopez, Deron Williams, Jarrett Jack, Joe Johnson, Kevin Garnett",14,51,70,51,70,1687,1702,0,0,0,15
"21400044","OKC","Lance Thomas, Nick Collison, Reggie Jackson, Sebastian Telfair, Steven Adams",14,97,69,116,85,2433,2880,19,16,3,447
"21400044","BKN","Brook Lopez, Deron Williams, Jarrett Jack, Joe Johnson, Mirza Teletovic",15,51,70,60,77,1702,1952,9,7,2,250
"21400044","BKN","Deron Williams, Jarrett Jack, Joe Johnson, Mason Plumlee, Mirza Teletovic",16,60,77,62,85,1952,2160,2,8,-6,208
"21400044","BKN","Alan Anderson, Deron Williams, Jarrett Jack, Mason Plumlee, Mirza Teletovic",17,62,85,64,90,2160,2261,2,5,-3,101
"21400044","BKN","Alan Anderson, Brook Lopez, Deron Williams, Jarrett Jack, Mirza Teletovic",18,64,90,69,97,2261,2433,5,7,-2,172
"21400044","BKN","Alan Anderson, Bojan Bogdanovic, Brook Lopez, Jarrett Jack, Mirza Teletovic",19,69,97,73,101,2433,2525,4,4,0,92
"21400044","BKN","Alan Anderson, Bojan Bogdanovic, Jarrett Jack, Mason Plumlee, Mirza Teletovic",20,73,101,73,106,2525,2599,0,5,-5,74
"21400044","BKN","Alan Anderson, Bojan Bogdanovic, Jarrett Jack, Mason Plumlee, Sergey Karasev",21,73,106,73,106,2599,2599,0,0,0,0
"21400044","BKN","Alan Anderson, Andrei Kirilenko, Bojan Bogdanovic, Mason Plumlee, Sergey Karasev",22,73,106,73,106,2599,2599,0,0,0,0
"21400044","BKN","Alan Anderson, Andrei Kirilenko, Bojan Bogdanovic, Jerome Jordan, Sergey Karasev",23,73,106,73,106,2599,2599,0,0,0,0
"21400044","BKN","Andrei Kirilenko, Bojan Bogdanovic, Jerome Jordan, Jorge Gutierrez, Sergey Karasev",24,73,106,85,116,2599,2880,12,10,2,281
"21400045","MEM","Marc Gasol, Mike Conley, Tayshaun Prince, Tony Allen, Zach Randolph",0,0,0,14,11,0,460,14,11,3,460
"21400045","NOP","Anthony Davis, Eric Gordon, Jrue Holiday, Omer Asik, Tyreke Evans",0,0,0,11,14,0,460,11,14,-3,460
"21400045","MEM","Kosta Koufos, Mike Conley, Tayshaun Prince, Tony Allen, Zach Randolph",1,14,11,15,11,460,490,1,0,1,30
"21400045","NOP","Eric Gordon, Jrue Holiday, Omer Asik, Ryan Anderson, Tyreke Evans",1,11,14,11,14,460,460,0,0,0,0
"21400045","MEM","Kosta Koufos, Mike Conley, Quincy Pondexter, Tayshaun Prince, Zach Randolph",2,15,11,20,13,490,637,5,2,3,147
"21400045","NOP","Eric Gordon, Jrue Holiday, Luke Babbitt, Omer Asik, Ryan Anderson",2,11,14,13,20,460,637,2,6,-4,177
"21400045","MEM","Kosta Koufos, Mike Conley, Quincy Pondexter, Vince Carter, Zach Randolph",3,20,13,20,13,637,720,0,0,0,83
"21400045","NOP","Alexis Ajinca, Eric Gordon, Jrue Holiday, Luke Babbitt, Ryan Anderson",3,13,20,13,20,637,637,0,0,0,0
"21400045","MEM","Jon Leuer, Kosta Koufos, Mike Conley, Quincy Pondexter, Vince Carter",4,20,13,24,15,720,885,4,2,2,165
"21400045","NOP","Alexis Ajinca, Austin Rivers, Jrue Holiday, Luke Babbitt, Ryan Anderson",4,13,20,13,20,637,720,0,0,0,83
"21400045","MEM","Beno Udrih, Jon Leuer, Kosta Koufos, Quincy Pondexter, Vince Carter",5,24,15,24,17,885,919,0,2,-2,34
"21400045","NOP","Alexis Ajinca, Austin Rivers, Luke Babbitt, Ryan Anderson, Tyreke Evans",5,13,20,15,24,720,895,2,4,-2,175
"21400045","MEM","Beno Udrih, Jon Leuer, Marc Gasol, Quincy Pondexter, Vince Carter",6,24,17,28,19,919,1008,4,2,2,89
"21400045","NOP","Anthony Davis, Austin Rivers, Luke Babbitt, Ryan Anderson, Tyreke Evans",6,15,24,19,28,895,1008,4,4,0,113
"21400045","MEM","Beno Udrih, Jon Leuer, Marc Gasol, Tony Allen, Vince Carter",7,28,19,28,24,1008,1095,0,5,-5,87
"21400045","NOP","Anthony Davis, Austin Rivers, Eric Gordon, Ryan Anderson, Tyreke Evans",7,19,28,25,28,1008,1143,6,0,6,135
"21400045","MEM","Beno Udrih, Marc Gasol, Tayshaun Prince, Tony Allen, Vince Carter",8,28,24,28,25,1095,1143,0,1,-1,48
"21400045","NOP","Anthony Davis, Austin Rivers, Eric Gordon, Omer Asik, Tyreke Evans",8,25,28,25,28,1143,1143,0,0,0,0
"21400045","MEM","Beno Udrih, Marc Gasol, Tayshaun Prince, Tony Allen, Zach Randolph",9,28,25,40,33,1143,1398,12,8,4,255
"21400045","NOP","Anthony Davis, Eric Gordon, Jrue Holiday, Omer Asik, Tyreke Evans",9,25,28,28,33,1143,1272,3,5,-2,129
"21400045","MEM","Beno Udrih, Marc Gasol, Quincy Pondexter, Tayshaun Prince, Tony Allen",10,40,33,40,33,1398,1420,0,0,0,22
"21400045","NOP","Eric Gordon, Jrue Holiday, Omer Asik, Ryan Anderson, Tyreke Evans",10,28,33,33,40,1272,1420,5,7,-2,148
"21400045","MEM","Beno Udrih, Marc Gasol, Quincy Pondexter, Tony Allen, Vince Carter",11,40,33,40,33,1420,1420,0,0,0,0
"21400045","NOP","Austin Rivers, Eric Gordon, Jrue Holiday, Omer Asik, Ryan Anderson",11,33,40,33,40,1420,1440,0,0,0,20
"21400045","MEM","Beno Udrih, Marc Gasol, Quincy Pondexter, Vince Carter, Zach Randolph",12,40,33,40,33,1420,1440,0,0,0,20
"21400045","NOP","Anthony Davis, Eric Gordon, Jrue Holiday, Omer Asik, Tyreke Evans",12,33,40,46,48,1440,1837,13,8,5,397
"21400045","MEM","Marc Gasol, Mike Conley, Tayshaun Prince, Tony Allen, Zach Randolph",13,40,33,48,48,1440,1865,8,15,-7,425
"21400045","NOP","Anthony Davis, Eric Gordon, Jrue Holiday, Ryan Anderson, Tyreke Evans",13,46,48,48,48,1837,1865,2,0,2,28
"21400045","MEM","Marc Gasol, Mike Conley, Quincy Pondexter, Tony Allen, Zach Randolph",14,48,48,60,52,1865,2059,12,4,8,194
"21400045","NOP","Anthony Davis, Eric Gordon, Jrue Holiday, Luke Babbitt, Ryan Anderson",14,48,48,48,55,1865,1948,0,7,-7,83
"21400045","MEM","Marc Gasol, Mike Conley, Quincy Pondexter, Tony Allen, Vince Carter",15,60,52,60,52,2059,2070,0,0,0,11
"21400045","NOP","Anthony Davis, Eric Gordon, Luke Babbitt, Ryan Anderson, Tyreke Evans",15,48,55,48,55,1948,1948,0,0,0,0
"21400045","MEM","Marc Gasol, Mike Conley, Quincy Pondexter, Tayshaun Prince, Vince Carter",16,60,52,64,54,2070,2137,4,2,2,67
"21400045","NOP","Anthony Davis, Austin Rivers, Eric Gordon, Ryan Anderson, Tyreke Evans",16,48,55,51,60,1948,1996,3,5,-2,48
"21400045","MEM","Jordan Adams, Marc Gasol, Quincy Pondexter, Tayshaun Prince, Vince Carter",17,64,54,64,56,2137,2160,0,2,-2,23
"21400045","NOP","Alexis Ajinca, Austin Rivers, Eric Gordon, Ryan Anderson, Tyreke Evans",17,51,60,51,60,1996,1996,0,0,0,0
"21400045","MEM","Beno Udrih, Marc Gasol, Quincy Pondexter, Tayshaun Prince, Vince Carter",18,64,56,72,66,2160,2454,8,10,-2,294
"21400045","NOP","Alexis Ajinca, Austin Rivers, Darius Miller, Ryan Anderson, Tyreke Evans",18,51,60,61,66,1996,2234,10,6,4,238
"21400045","MEM","Beno Udrih, Marc Gasol, Quincy Pondexter, Tayshaun Prince, Zach Randolph",19,72,66,81,74,2454,2626,9,8,1,172
"21400045","NOP","Alexis Ajinca, Austin Rivers, Jrue Holiday, Ryan Anderson, Tyreke Evans",19,61,66,62,67,2234,2269,1,1,0,35
"21400045","MEM","Marc Gasol, Mike Conley, Quincy Pondexter, Tayshaun Prince, Zach Randolph",20,81,74,81,74,2626,2626,0,0,0,0
"21400045","NOP","Alexis Ajinca, Austin Rivers, Eric Gordon, Jrue Holiday, Ryan Anderson",20,62,67,64,69,2269,2352,2,2,0,83
"21400045","MEM","Marc Gasol, Mike Conley, Quincy Pondexter, Tony Allen, Zach Randolph",21,81,74,91,79,2626,2843,10,5,5,217
"21400045","NOP","Anthony Davis, Austin Rivers, Eric Gordon, Jrue Holiday, Ryan Anderson",21,64,69,66,72,2352,2454,2,3,-1,102
"21400045","MEM","Marc Gasol, Mike Conley, Quincy Pondexter, Tayshaun Prince, Tony Allen",22,91,79,93,79,2843,2859,2,0,2,16
"21400045","NOP","Anthony Davis, Austin Rivers, Eric Gordon, Jrue Holiday, Omer Asik",22,66,72,66,72,2454,2454,0,0,0,0
"21400045","MEM","Jordan Adams, Marc Gasol, Quincy Pondexter, Tayshaun Prince, Tony Allen",23,93,79,93,79,2859,2859,0,0,0,0
"21400045","NOP","Anthony Davis, Eric Gordon, Jrue Holiday, Omer Asik, Tyreke Evans",23,66,72,75,83,2454,2700,9,11,-2,246
"21400045","MEM","Beno Udrih, Jordan Adams, Quincy Pondexter, Tayshaun Prince, Tony Allen",24,93,79,93,81,2859,2880,0,2,-2,21
"21400045","NOP","Anthony Davis, Eric Gordon, Jrue Holiday, Ryan Anderson, Tyreke Evans",24,75,83,81,93,2700,2880,6,10,-4,180
"21400046","BOS","Avery Bradley, Jared Sullinger, Jeff Green, Kelly Olynyk, Rajon Rondo",0,0,0,21,13,0,377,21,13,8,377
"21400046","DAL","Chandler Parsons, Dirk Nowitzki, Jameer Nelson, Monta Ellis, Tyson Chandler",0,0,0,13,21,0,377,13,21,-8,377
"21400046","BOS","Avery Bradley, Jared Sullinger, Kelly Olynyk, Marcus Smart, Rajon Rondo",1,21,13,21,13,377,377,0,0,0,0
"21400046","DAL","Chandler Parsons, Devin Harris, Jameer Nelson, Monta Ellis, Tyson Chandler",1,13,21,13,21,377,377,0,0,0,0
"21400046","BOS","Avery Bradley, Brandon Bass, Kelly Olynyk, Marcus Smart, Rajon Rondo",2,21,13,23,15,377,410,2,2,0,33
"21400046","DAL","Brandan Wright, Chandler Parsons, Devin Harris, Jameer Nelson, Monta Ellis",2,13,21,15,31,377,536,2,10,-8,159
"21400046","BOS","Avery Bradley, Brandon Bass, Marcus Smart, Rajon Rondo, Tyler Zeller",3,23,15,27,15,410,459,4,0,4,49
"21400046","DAL","Al-Farouq Aminu, Brandan Wright, Chandler Parsons, Devin Harris, Monta Ellis",3,15,31,17,36,536,605,2,5,-3,69
"21400046","BOS","Brandon Bass, Marcus Smart, Marcus Thornton, Rajon Rondo, Tyler Zeller",4,27,15,27,15,459,459,0,0,0,0
"21400046","DAL","Al-Farouq Aminu, Brandan Wright, Devin Harris, Dirk Nowitzki, Monta Ellis",4,17,36,17,36,605,605,0,0,0,0
"21400046","BOS","Brandon Bass, Evan Turner, Marcus Smart, Marcus Thornton, Tyler Zeller",5,27,15,36,17,459,605,9,2,7,146
"21400046","DAL","Al-Farouq Aminu, Brandan Wright, Devin Harris, Dirk Nowitzki, J.J. Barea",5,17,36,19,40,605,720,2,4,-2,115
"21400046","BOS","Brandon Bass, Evan Turner, Jared Sullinger, Marcus Smart, Marcus Thornton",6,36,17,36,17,605,605,0,0,0,0
"21400046","DAL","Al-Farouq Aminu, Devin Harris, Dirk Nowitzki, J.J. Barea, Tyson Chandler",6,19,40,23,48,720,828,4,8,-4,108
"21400046","BOS","Brandon Bass, Evan Turner, Jared Sullinger, Jeff Green, Marcus Thornton",7,36,17,40,19,605,720,4,2,2,115
"21400046","DAL","Al-Farouq Aminu, Devin Harris, J.J. Barea, Richard Jefferson, Tyson Chandler",7,23,48,27,55,828,1064,4,7,-3,236
"21400046","BOS","Avery Bradley, Evan Turner, Jared Sullinger, Jeff Green, Rajon Rondo",8,40,19,50,25,720,940,10,6,4,220
"21400046","DAL","Al-Farouq Aminu, Devin Harris, Jameer Nelson, Richard Jefferson, Tyson Chandler",8,27,55,27,55,1064,1064,0,0,0,0
"21400046","BOS","Avery Bradley, Jared Sullinger, Jeff Green, Marcus Smart, Rajon Rondo",9,50,25,55,27,940,1064,5,2,3,124
"21400046","DAL","Al-Farouq Aminu, Jameer Nelson, Monta Ellis, Richard Jefferson, Tyson Chandler",9,27,55,30,57,1064,1112,3,2,1,48
"21400046","BOS","Avery Bradley, Jeff Green, Kelly Olynyk, Marcus Smart, Rajon Rondo",10,55,27,65,35,1064,1264,10,8,2,200
"21400046","DAL","Al-Farouq Aminu, Chandler Parsons, Jameer Nelson, Monta Ellis, Richard Jefferson",10,30,57,30,57,1112,1112,0,0,0,0
"21400046","BOS","Gerald Wallace, Jeff Green, Kelly Olynyk, Marcus Smart, Rajon Rondo",11,65,35,65,35,1264,1264,0,0,0,0
"21400046","DAL","Brandan Wright, Chandler Parsons, Jameer Nelson, Monta Ellis, Richard Jefferson",11,30,57,30,57,1112,1112,0,0,0,0
"21400046","BOS","Gerald Wallace, Jeff Green, Kelly Olynyk, Marcus Smart, Marcus Thornton",12,65,35,67,38,1264,1384,2,3,-1,120
"21400046","DAL","Brandan Wright, Chandler Parsons, Dirk Nowitzki, Jameer Nelson, Monta Ellis",12,30,57,36,65,1112,1286,6,8,-2,174
"21400046","BOS","Evan Turner, Gerald Wallace, Kelly Olynyk, Marcus Smart, Marcus Thornton",13,67,38,67,41,1384,1437,0,3,-3,53
"21400046","DAL","Brandan Wright, Chandler Parsons, Jae Crowder, Jameer Nelson, Monta Ellis",13,36,65,36,65,1286,1290,0,0,0,4
"21400046","BOS","Evan Turner, Gerald Wallace, Jeff Green, Kelly Olynyk, Marcus Thornton",14,67,41,67,41,1437,1440,0,0,0,3
"21400046","DAL","Brandan Wright, Chandler Parsons, Devin Harris, Jae Crowder, Monta Ellis",14,36,65,41,67,1290,1440,5,2,3,150
"21400046","BOS","Avery Bradley, Jared Sullinger, Jeff Green, Kelly Olynyk, Rajon Rondo",15,67,41,75,64,1440,1765,8,23,-15,325
"21400046","DAL","Chandler Parsons, Dirk Nowitzki, Jameer Nelson, Monta Ellis, Tyson Chandler",15,41,67,64,75,1440,1765,23,8,15,325
"21400046","BOS","Avery Bradley, Jared Sullinger, Jeff Green, Marcus Smart, Rajon Rondo",16,75,64,77,67,1765,1856,2,3,-1,91
"21400046","DAL","Chandler Parsons, Devin Harris, Jameer Nelson, Monta Ellis, Tyson Chandler",16,64,75,69,79,1765,1878,5,4,1,113
"21400046","BOS","Avery Bradley, Evan Turner, Jared Sullinger, Marcus Smart, Rajon Rondo",17,77,67,77,67,1856,1856,0,0,0,0
"21400046","DAL","Brandan Wright, Chandler Parsons, Devin Harris, Jameer Nelson, Monta Ellis",17,69,79,69,79,1878,1878,0,0,0,0
"21400046","BOS","Avery Bradley, Evan Turner, Marcus Smart, Rajon Rondo, Tyler Zeller",18,77,67,79,69,1856,1878,2,2,0,22
"21400046","DAL","Brandan Wright, Chandler Parsons, Devin Harris, Monta Ellis, Richard Jefferson",18,69,79,75,87,1878,2064,6,8,-2,186
"21400046","BOS","Evan Turner, Marcus Smart, Marcus Thornton, Rajon Rondo, Tyler Zeller",19,79,69,84,69,1878,1931,5,0,5,53
"21400046","DAL","Brandan Wright, Chandler Parsons, Devin Harris, Dirk Nowitzki, Monta Ellis",19,75,87,75,87,2064,2064,0,0,0,0
"21400046","BOS","Brandon Bass, Evan Turner, Marcus Smart, Marcus Thornton, Tyler Zeller",20,84,69,86,71,1931,2001,2,2,0,70
"21400046","DAL","Brandan Wright, Chandler Parsons, Devin Harris, Dirk Nowitzki, J.J. Barea",20,75,87,77,90,2064,2130,2,3,-1,66
"21400046","BOS","Brandon Bass, Evan Turner, Jeff Green, Marcus Thornton, Tyler Zeller",21,86,71,90,77,2001,2130,4,6,-2,129
"21400046","DAL","Brandan Wright, Devin Harris, Dirk Nowitzki, J.J. Barea, Richard Jefferson",21,77,90,85,95,2130,2261,8,5,3,131
"21400046","BOS","Avery Bradley, Evan Turner, Jeff Green, Marcus Thornton, Tyler Zeller",22,90,77,91,79,2130,2158,1,2,-1,28
"21400046","DAL","Devin Harris, Dirk Nowitzki, J.J. Barea, Richard Jefferson, Tyson Chandler",22,85,95,90,98,2261,2412,5,3,2,151
"21400046","BOS","Avery Bradley, Evan Turner, Gerald Wallace, Jeff Green, Tyler Zeller",23,91,79,91,79,2158,2158,0,0,0,0
"21400046","DAL","Dirk Nowitzki, J.J. Barea, Jameer Nelson, Richard Jefferson, Tyson Chandler",23,90,98,90,98,2412,2412,0,0,0,0
"21400046","BOS","Avery Bradley, Evan Turner, Gerald Wallace, Jared Sullinger, Jeff Green",24,91,79,91,79,2158,2160,0,0,0,2
"21400046","DAL","Dirk Nowitzki, Jameer Nelson, Monta Ellis, Richard Jefferson, Tyson Chandler",24,90,98,90,98,2412,2412,0,0,0,0
"21400046","BOS","Avery Bradley, Evan Turner, Jared Sullinger, Jeff Green, Rajon Rondo",25,91,79,98,85,2160,2340,7,6,1,180
"21400046","DAL","Chandler Parsons, Dirk Nowitzki, Jameer Nelson, Monta Ellis, Tyson Chandler",25,90,98,95,105,2412,2512,5,7,-2,100
"21400046","BOS","Avery Bradley, Jared Sullinger, Jeff Green, Marcus Smart, Rajon Rondo",26,98,85,98,88,2340,2374,0,3,-3,34
"21400046","DAL","Chandler Parsons, Jameer Nelson, Monta Ellis, Richard Jefferson, Tyson Chandler",26,95,105,99,105,2512,2594,4,0,4,82
"21400046","BOS","Avery Bradley, Jared Sullinger, Kelly Olynyk, Marcus Smart, Rajon Rondo",27,98,88,105,95,2374,2512,7,7,0,138
"21400046","DAL","Chandler Parsons, Devin Harris, Monta Ellis, Richard Jefferson, Tyson Chandler",27,99,105,99,105,2594,2594,0,0,0,0
"21400046","BOS","Avery Bradley, Jeff Green, Kelly Olynyk, Marcus Smart, Rajon Rondo",28,105,95,105,97,2512,2584,0,2,-2,72
"21400046","DAL","Chandler Parsons, Devin Harris, Dirk Nowitzki, Monta Ellis, Tyson Chandler",28,99,105,104,114,2594,2739,5,9,-4,145
"21400046","BOS","Avery Bradley, Jared Sullinger, Jeff Green, Marcus Smart, Rajon Rondo",29,105,97,114,104,2584,2767,9,7,2,183
"21400046","DAL","Chandler Parsons, Devin Harris, Monta Ellis, Richard Jefferson, Tyson Chandler",29,104,114,106,114,2739,2783,2,0,2,44
"21400046","BOS","Avery Bradley, Jared Sullinger, Jeff Green, Kelly Olynyk, Rajon Rondo",30,114,104,114,106,2767,2783,0,2,-2,16
"21400046","DAL","Chandler Parsons, Devin Harris, Dirk Nowitzki, Monta Ellis, Tyson Chandler",30,106,114,113,116,2783,2865,7,2,5,82
"21400046","BOS","Avery Bradley, Jared Sullinger, Jeff Green, Marcus Smart, Rajon Rondo",31,114,106,118,113,2783,2872,4,7,-3,89
"21400046","DAL","Chandler Parsons, Devin Harris, Monta Ellis, Richard Jefferson, Tyson Chandler",31,113,116,113,118,2865,2872,0,2,-2,7
"21400046","BOS","Avery Bradley, Jared Sullinger, Jeff Green, Marcus Thornton, Rajon Rondo",32,118,113,118,113,2872,2880,0,0,0,8
"21400046","DAL","Brandan Wright, Chandler Parsons, Devin Harris, Monta Ellis, Richard Jefferson",32,113,118,113,118,2872,2880,0,0,0,8
"21400047","DEN","Arron Afflalo, Kenneth Faried, Timofey Mozgov, Ty Lawson, Wilson Chandler",0,0,0,5,3,0,242,5,3,2,242
"21400047","SAC","Ben McLemore, Darren Collison, DeMarcus Cousins, Jason Thompson, Rudy Gay",0,0,0,7,8,0,370,7,8,-1,370
"21400047","DEN","Arron Afflalo, JaVale McGee, Kenneth Faried, Ty Lawson, Wilson Chandler",1,5,3,8,7,242,370,3,4,-1,128
"21400047","SAC","Ben McLemore, Darren Collison, DeMarcus Cousins, Jason Thompson, Nik Stauskas",1,7,8,7,8,370,370,0,0,0,0
"21400047","DEN","Arron Afflalo, Danilo Gallinari, JaVale McGee, Kenneth Faried, Ty Lawson",2,8,7,10,7,370,399,2,0,2,29
"21400047","SAC","Darren Collison, DeMarcus Cousins, Jason Thompson, Nik Stauskas, Omri Casspi",2,7,8,11,13,370,463,4,5,-1,93
"21400047","DEN","Arron Afflalo, Danilo Gallinari, Jusuf Nurkic, Kenneth Faried, Ty Lawson",3,10,7,19,16,399,588,9,9,0,189
"21400047","SAC","Darren Collison, DeMarcus Cousins, Derrick Williams, Jason Thompson, Omri Casspi",3,11,13,13,15,463,546,2,2,0,83
"21400047","DEN","Arron Afflalo, Danilo Gallinari, Darrell Arthur, Jusuf Nurkic, Ty Lawson",4,19,16,19,20,588,652,0,4,-4,64
"21400047","SAC","Darren Collison, Derrick Williams, Jason Thompson, Omri Casspi, Ramon Sessions",4,13,15,13,15,546,546,0,0,0,0
"21400047","DEN","Danilo Gallinari, Darrell Arthur, Jusuf Nurkic, Randy Foye, Ty Lawson",5,19,20,19,22,652,720,0,2,-2,68
"21400047","SAC","Derrick Williams, Jason Thompson, Omri Casspi, Ramon Sessions, Reggie Evans",5,13,15,16,19,546,588,3,4,-1,42
"21400047","DEN","Danilo Gallinari, Darrell Arthur, Jusuf Nurkic, Nate Robinson, Randy Foye",6,19,22,25,23,720,832,6,1,5,112
"21400047","SAC","Carl Landry, Derrick Williams, Omri Casspi, Ramon Sessions, Reggie Evans",6,16,19,28,26,588,935,12,7,5,347
"21400047","DEN","Danilo Gallinari, Darrell Arthur, Nate Robinson, Randy Foye, Timofey Mozgov",7,25,23,30,28,832,963,5,5,0,131
"21400047","SAC","Carl Landry, Derrick Williams, Ramon Sessions, Reggie Evans, Rudy Gay",7,28,26,32,35,935,1087,4,9,-5,152
"21400047","DEN","Darrell Arthur, Nate Robinson, Randy Foye, Timofey Mozgov, Wilson Chandler",8,30,28,31,30,963,988,1,2,-1,25
"21400047","SAC","Carl Landry, Darren Collison, Ramon Sessions, Reggie Evans, Rudy Gay",8,32,35,32,35,1087,1087,0,0,0,0
"21400047","DEN","Kenneth Faried, Nate Robinson, Randy Foye, Timofey Mozgov, Wilson Chandler",9,31,30,35,32,988,1087,4,2,2,99
"21400047","SAC","Carl Landry, Darren Collison, DeMarcus Cousins, Ramon Sessions, Rudy Gay",9,32,35,32,35,1087,1087,0,0,0,0
"21400047","DEN","Kenneth Faried, Nate Robinson, Timofey Mozgov, Ty Lawson, Wilson Chandler",10,35,32,35,32,1087,1087,0,0,0,0
"21400047","SAC","Darren Collison, DeMarcus Cousins, Jason Thompson, Ramon Sessions, Rudy Gay",10,32,35,38,39,1087,1234,6,4,2,147
"21400047","DEN","Arron Afflalo, Kenneth Faried, Timofey Mozgov, Ty Lawson, Wilson Chandler",11,35,32,41,38,1087,1247,6,6,0,160
"21400047","SAC","Ben McLemore, Darren Collison, DeMarcus Cousins, Jason Thompson, Ramon Sessions",11,38,39,38,39,1234,1234,0,0,0,0
"21400047","DEN","Alonzo Gee, Arron Afflalo, Kenneth Faried, Timofey Mozgov, Ty Lawson",12,41,38,47,44,1247,1364,6,6,0,117
"21400047","SAC","Ben McLemore, Darren Collison, DeMarcus Cousins, Jason Thompson, Omri Casspi",12,38,39,44,49,1234,1396,6,10,-4,162
"21400047","DEN","Alonzo Gee, Arron Afflalo, Jusuf Nurkic, Kenneth Faried, Ty Lawson",13,47,44,49,44,1364,1396,2,0,2,32
"21400047","SAC","Ben McLemore, Darren Collison, Jason Thompson, Omri Casspi, Reggie Evans",13,44,49,46,49,1396,1407,2,0,2,11
"21400047","DEN","Alonzo Gee, Arron Afflalo, Darrell Arthur, Kenneth Faried, Ty Lawson",14,49,44,51,46,1396,1440,2,2,0,44
"21400047","SAC","Darren Collison, Jason Thompson, Omri Casspi, Reggie Evans, Rudy Gay",14,46,49,46,49,1407,1407,0,0,0,0
"21400047","DEN","Arron Afflalo, Kenneth Faried, Timofey Mozgov, Ty Lawson, Wilson Chandler",15,51,46,51,46,1440,1449,0,0,0,9
"21400047","SAC","Darren Collison, DeMarcus Cousins, Jason Thompson, Omri Casspi, Rudy Gay",15,46,49,46,51,1407,1440,0,2,-2,33
"21400047","DEN","Arron Afflalo, JaVale McGee, Kenneth Faried, Ty Lawson, Wilson Chandler",16,51,46,63,63,1449,1788,12,17,-5,339
"21400047","SAC","Ben McLemore, Darren Collison, DeMarcus Cousins, Jason Thompson, Rudy Gay",16,46,51,57,59,1440,1661,11,8,3,221
"21400047","DEN","JaVale McGee, Kenneth Faried, Randy Foye, Ty Lawson, Wilson Chandler",17,63,63,67,67,1788,1868,4,4,0,80
"21400047","SAC","Ben McLemore, Carl Landry, Darren Collison, DeMarcus Cousins, Rudy Gay",17,57,59,61,61,1661,1750,4,2,2,89
"21400047","DEN","Darrell Arthur, JaVale McGee, Randy Foye, Ty Lawson, Wilson Chandler",18,67,67,73,73,1868,1993,6,6,0,125
"21400047","SAC","Ben McLemore, Carl Landry, Darren Collison, Reggie Evans, Rudy Gay",18,61,61,63,63,1750,1788,2,2,0,38
"21400047","DEN","Danilo Gallinari, Darrell Arthur, JaVale McGee, Randy Foye, Ty Lawson",19,73,73,73,73,1993,1993,0,0,0,0
"21400047","SAC","Ben McLemore, Carl Landry, Darren Collison, Omri Casspi, Reggie Evans",19,63,63,73,73,1788,1993,10,10,0,205
"21400047","DEN","Danilo Gallinari, Darrell Arthur, Randy Foye, Timofey Mozgov, Ty Lawson",20,73,73,73,73,1993,1993,0,0,0,0
"21400047","SAC","Ben McLemore, Carl Landry, Omri Casspi, Ramon Sessions, Reggie Evans",20,73,73,75,75,1993,2066,2,2,0,73
"21400047","DEN","Danilo Gallinari, Darrell Arthur, Kenneth Faried, Randy Foye, Ty Lawson",21,73,73,79,77,1993,2160,6,4,2,167
"21400047","SAC","Carl Landry, Omri Casspi, Ramon Sessions, Ray McCallum, Reggie Evans",21,75,75,90,90,2066,2549,15,15,0,483
"21400047","DEN","Danilo Gallinari, Darrell Arthur, Kenneth Faried, Nate Robinson, Randy Foye",22,79,77,81,79,2160,2241,2,2,0,81
"21400047","SAC","Carl Landry, Darren Collison, Ramon Sessions, Ray McCallum, Reggie Evans",22,90,90,90,90,2549,2549,0,0,0,0
"21400047","DEN","Darrell Arthur, Kenneth Faried, Nate Robinson, Randy Foye, Wilson Chandler",23,81,79,85,84,2241,2385,4,5,-1,144
"21400047","SAC","Carl Landry, Darren Collison, Ramon Sessions, Ray McCallum, Rudy Gay",23,90,90,90,90,2549,2549,0,0,0,0
"21400047","DEN","Arron Afflalo, Kenneth Faried, Nate Robinson, Randy Foye, Wilson Chandler",24,85,84,85,84,2385,2385,0,0,0,0
"21400047","SAC","Carl Landry, Darren Collison, DeMarcus Cousins, Ray McCallum, Rudy Gay",24,90,90,90,90,2549,2549,0,0,0,0
"21400047","DEN","Arron Afflalo, Kenneth Faried, Nate Robinson, Timofey Mozgov, Wilson Chandler",25,85,84,90,90,2385,2549,5,6,-1,164
"21400047","SAC","Darren Collison, DeMarcus Cousins, Jason Thompson, Ray McCallum, Rudy Gay",25,90,90,96,98,2549,2728,6,8,-2,179
"21400047","DEN","Alonzo Gee, Arron Afflalo, Kenneth Faried, Nate Robinson, Wilson Chandler",26,90,90,90,90,2549,2549,0,0,0,0
"21400047","SAC","Darren Collison, DeMarcus Cousins, Omri Casspi, Ray McCallum, Rudy Gay",26,96,98,96,101,2728,2736,0,3,-3,8
"21400047","DEN","Alonzo Gee, Arron Afflalo, Kenneth Faried, Ty Lawson, Wilson Chandler",27,90,90,101,96,2549,2736,11,6,5,187
"21400047","SAC","Darren Collison, DeMarcus Cousins, Jason Thompson, Ray McCallum, Rudy Gay",27,96,101,98,103,2736,2787,2,2,0,51
"21400047","DEN","Arron Afflalo, JaVale McGee, Kenneth Faried, Ty Lawson, Wilson Chandler",28,101,96,103,98,2736,2787,2,2,0,51
"21400047","SAC","Darren Collison, DeMarcus Cousins, Omri Casspi, Ray McCallum, Rudy Gay",28,98,103,103,105,2787,2855,5,2,3,68
"21400047","DEN","Arron Afflalo, JaVale McGee, Randy Foye, Ty Lawson, Wilson Chandler",29,103,98,105,103,2787,2855,2,5,-3,68
"21400047","SAC","Darren Collison, DeMarcus Cousins, Jason Thompson, Ray McCallum, Rudy Gay",29,103,105,103,105,2855,2855,0,0,0,0
"21400047","DEN","Alonzo Gee, Arron Afflalo, Randy Foye, Ty Lawson, Wilson Chandler",30,105,103,107,103,2855,2858,2,0,2,3
"21400047","SAC","Darren Collison, DeMarcus Cousins, Omri Casspi, Ray McCallum, Rudy Gay",30,103,105,103,107,2855,2858,0,2,-2,3
"21400047","DEN","Arron Afflalo, JaVale McGee, Randy Foye, Ty Lawson, Wilson Chandler",31,107,103,107,103,2858,2858,0,0,0,0
"21400047","SAC","Darren Collison, DeMarcus Cousins, Jason Thompson, Ray McCallum, Rudy Gay",31,103,107,103,107,2858,2858,0,0,0,0
"21400047","DEN","Arron Afflalo, JaVale McGee, Kenneth Faried, Randy Foye, Wilson Chandler",32,107,103,107,103,2858,2858,0,0,0,0
"21400047","SAC","Darren Collison, DeMarcus Cousins, Omri Casspi, Ray McCallum, Rudy Gay",32,103,107,105,110,2858,2880,2,3,-1,22
"21400047","DEN","Arron Afflalo, Kenneth Faried, Randy Foye, Ty Lawson, Wilson Chandler",33,107,103,108,103,2858,2864,1,0,1,6
"21400047","DEN","Arron Afflalo, JaVale McGee, Kenneth Faried, Ty Lawson, Wilson Chandler",34,108,103,110,105,2864,2880,2,2,0,16
"21400048","LAC","Blake Griffin, Chris Paul, DeAndre Jordan, JJ Redick, Matt Barnes",0,0,0,15,14,0,460,15,14,1,460
"21400048","UTA","Alec Burks, Derrick Favors, Enes Kanter, Gordon Hayward, Trey Burke",0,0,0,12,15,0,371,12,15,-3,371
"21400048","LAC","Blake Griffin, Chris Paul, DeAndre Jordan, Jamal Crawford, Matt Barnes",1,15,14,15,14,460,474,0,0,0,14
"21400048","UTA","Alec Burks, Derrick Favors, Enes Kanter, Rodney Hood, Trey Burke",1,12,15,16,19,371,561,4,4,0,190
"21400048","LAC","Blake Griffin, Chris Paul, DeAndre Jordan, Jamal Crawford, Reggie Bullock",2,15,14,26,20,474,720,11,6,5,246
"21400048","UTA","Alec Burks, Enes Kanter, Rodney Hood, Trevor Booker, Trey Burke",2,16,19,16,19,561,561,0,0,0,0
"21400048","LAC","DeAndre Jordan, Jamal Crawford, Jordan Farmar, Reggie Bullock, Spencer Hawes",3,26,20,29,22,720,815,3,2,1,95
"21400048","UTA","Alec Burks, Rodney Hood, Rudy Gobert, Trevor Booker, Trey Burke",3,16,19,16,19,561,561,0,0,0,0
"21400048","LAC","Hedo Turkoglu, Jamal Crawford, Jordan Farmar, Reggie Bullock, Spencer Hawes",4,29,22,36,31,815,1019,7,9,-2,204
"21400048","UTA","Alec Burks, Dante Exum, Rodney Hood, Rudy Gobert, Trevor Booker",4,16,19,20,26,561,720,4,7,-3,159
"21400048","LAC","Hedo Turkoglu, Jamal Crawford, Jordan Farmar, Matt Barnes, Spencer Hawes",5,36,31,36,31,1019,1026,0,0,0,7
"21400048","UTA","Dante Exum, Gordon Hayward, Rodney Hood, Rudy Gobert, Trevor Booker",5,20,26,22,29,720,815,2,3,-1,95
"21400048","LAC","Blake Griffin, Jamal Crawford, Jordan Farmar, Matt Barnes, Spencer Hawes",6,36,31,38,33,1026,1070,2,2,0,44
"21400048","UTA","Dante Exum, Gordon Hayward, Joe Ingles, Rudy Gobert, Trevor Booker",6,22,29,31,36,815,1019,9,7,2,204
"21400048","LAC","Blake Griffin, Chris Paul, Jamal Crawford, Matt Barnes, Spencer Hawes",7,38,33,40,33,1070,1107,2,0,2,37
"21400048","UTA","Dante Exum, Derrick Favors, Gordon Hayward, Joe Ingles, Trevor Booker",7,31,36,31,36,1019,1026,0,0,0,7
"21400048","LAC","Blake Griffin, Chris Paul, DeAndre Jordan, Jamal Crawford, Matt Barnes",8,40,33,56,43,1107,1440,16,10,6,333
"21400048","UTA","Dante Exum, Enes Kanter, Gordon Hayward, Joe Ingles, Trevor Booker",8,31,36,33,38,1026,1070,2,2,0,44
"21400048","LAC","Blake Griffin, Chris Paul, DeAndre Jordan, JJ Redick, Matt Barnes",9,56,43,62,56,1440,1842,6,13,-7,402
"21400048","UTA","Enes Kanter, Gordon Hayward, Joe Ingles, Trevor Booker, Trey Burke",9,33,38,39,44,1070,1201,6,6,0,131
"21400048","LAC","Blake Griffin, Chris Paul, DeAndre Jordan, Jamal Crawford, Matt Barnes",10,62,56,64,62,1842,1911,2,6,-4,69
"21400048","UTA","Alec Burks, Enes Kanter, Gordon Hayward, Trevor Booker, Trey Burke",10,39,44,39,44,1201,1201,0,0,0,0
"21400048","LAC","Blake Griffin, Chris Paul, Jamal Crawford, Matt Barnes, Spencer Hawes",11,64,62,64,62,1911,1920,0,0,0,9
"21400048","UTA","Alec Burks, Enes Kanter, Gordon Hayward, Rudy Gobert, Trey Burke",11,39,44,43,56,1201,1440,4,12,-8,239
"21400048","LAC","Blake Griffin, Chris Paul, Jamal Crawford, Reggie Bullock, Spencer Hawes",12,64,62,70,65,1920,2055,6,3,3,135
"21400048","UTA","Alec Burks, Derrick Favors, Enes Kanter, Gordon Hayward, Trey Burke",12,43,56,47,58,1440,1641,4,2,2,201
"21400048","LAC","Blake Griffin, Jamal Crawford, Jordan Farmar, Reggie Bullock, Spencer Hawes",13,70,65,73,70,2055,2160,3,5,-2,105
"21400048","UTA","Alec Burks, Derrick Favors, Gordon Hayward, Trevor Booker, Trey Burke",13,47,58,49,62,1641,1727,2,4,-2,86
"21400048","LAC","DeAndre Jordan, Jamal Crawford, Jordan Farmar, Reggie Bullock, Spencer Hawes",14,73,70,85,82,2160,2427,12,12,0,267
"21400048","UTA","Alec Burks, Enes Kanter, Gordon Hayward, Trevor Booker, Trey Burke",14,49,62,56,62,1727,1813,7,0,7,86
"21400048","LAC","Chris Paul, DeAndre Jordan, Jamal Crawford, Reggie Bullock, Spencer Hawes",15,85,82,85,82,2427,2427,0,0,0,0
"21400048","UTA","Enes Kanter, Gordon Hayward, Rodney Hood, Trevor Booker, Trey Burke",15,56,62,62,64,1813,1920,6,2,4,107
"21400048","LAC","Blake Griffin, Chris Paul, DeAndre Jordan, Jamal Crawford, Reggie Bullock",16,85,82,87,84,2427,2457,2,2,0,30
"21400048","UTA","Derrick Favors, Gordon Hayward, Rodney Hood, Trevor Booker, Trey Burke",16,62,64,62,66,1920,1942,0,2,-2,22
"21400048","LAC","Blake Griffin, Chris Paul, DeAndre Jordan, Jamal Crawford, Matt Barnes",17,87,84,104,98,2457,2835,17,14,3,378
"21400048","UTA","Derrick Favors, Joe Ingles, Rodney Hood, Trevor Booker, Trey Burke",17,62,66,62,66,1942,1942,0,0,0,0
"21400048","LAC","Blake Griffin, Chris Paul, Jamal Crawford, JJ Redick, Matt Barnes",18,104,98,107,101,2835,2880,3,3,0,45
"21400048","UTA","Dante Exum, Derrick Favors, Joe Ingles, Rodney Hood, Trevor Booker",18,62,66,68,70,1942,2118,6,4,2,176
"21400048","UTA","Dante Exum, Joe Ingles, Rodney Hood, Rudy Gobert, Trevor Booker",19,68,70,70,73,2118,2160,2,3,-1,42
"21400048","UTA","Alec Burks, Dante Exum, Rodney Hood, Rudy Gobert, Trevor Booker",20,70,73,77,81,2160,2312,7,8,-1,152
"21400048","UTA","Alec Burks, Dante Exum, Enes Kanter, Rodney Hood, Rudy Gobert",21,77,81,77,81,2312,2312,0,0,0,0
"21400048","UTA","Dante Exum, Enes Kanter, Gordon Hayward, Rodney Hood, Rudy Gobert",22,77,81,80,81,2312,2345,3,0,3,33
"21400048","UTA","Dante Exum, Derrick Favors, Enes Kanter, Gordon Hayward, Rodney Hood",23,80,81,82,85,2345,2427,2,4,-2,82
"21400048","UTA","Derrick Favors, Enes Kanter, Gordon Hayward, Rodney Hood, Trey Burke",24,82,85,84,87,2427,2457,2,2,0,30
"21400048","UTA","Alec Burks, Derrick Favors, Enes Kanter, Gordon Hayward, Trey Burke",25,84,87,86,91,2457,2533,2,4,-2,76
"21400048","UTA","Alec Burks, Derrick Favors, Gordon Hayward, Trevor Booker, Trey Burke",26,86,91,101,105,2533,2868,15,14,1,335
"21400048","UTA","Derrick Favors, Gordon Hayward, Joe Ingles, Trevor Booker, Trey Burke",27,101,105,101,105,2868,2868,0,0,0,0
"21400048","UTA","Derrick Favors, Gordon Hayward, Joe Ingles, Steve Novak, Trey Burke",28,101,105,101,107,2868,2880,0,2,-2,12
"21400049","IND","CJ Miles, Donald Sloan, Luis Scola, Roy Hibbert, Solomon Hill",0,0,0,12,13,0,505,12,13,-1,505
"21400049","MIL","Brandon Knight, Ersan Ilyasova, Jabari Parker, Jared Dudley, Larry Sanders",0,0,0,13,12,0,505,13,12,1,505
"21400049","IND","CJ Miles, Donald Sloan, Lavoy Allen, Luis Scola, Roy Hibbert",1,12,13,12,13,505,505,0,0,0,0
"21400049","MIL","Brandon Knight, Ersan Ilyasova, Giannis Antetokounmpo, Jared Dudley, Larry Sanders",1,13,12,13,12,505,505,0,0,0,0
"21400049","IND","Chris Copeland, CJ Miles, Donald Sloan, Lavoy Allen, Roy Hibbert",2,12,13,16,15,505,608,4,2,2,103
"21400049","MIL","Brandon Knight, Giannis Antetokounmpo, Jared Dudley, Larry Sanders, O.J. Mayo",2,13,12,13,12,505,505,0,0,0,0
"21400049","IND","Chris Copeland, CJ Miles, Lavoy Allen, Rodney Stuckey, Roy Hibbert",3,16,15,20,17,608,690,4,2,2,82
"21400049","MIL","Brandon Knight, Giannis Antetokounmpo, Jared Dudley, Khris Middleton, O.J. Mayo",3,13,12,13,12,505,505,0,0,0,0
"21400049","IND","Chris Copeland, CJ Miles, Ian Mahinmi, Lavoy Allen, Rodney Stuckey",4,20,17,22,19,690,720,2,2,0,30
"21400049","MIL","Brandon Knight, Giannis Antetokounmpo, Khris Middleton, O.J. Mayo, Zaza Pachulia",4,13,12,17,20,505,690,4,8,-4,185
"21400049","IND","Chris Copeland, Ian Mahinmi, Lavoy Allen, Rodney Stuckey, Solomon Hill",5,22,19,32,30,720,953,10,11,-1,233
"21400049","MIL","Giannis Antetokounmpo, Jerryd Bayless, Khris Middleton, O.J. Mayo, Zaza Pachulia",5,17,20,28,30,690,912,11,10,1,222
"21400049","IND","Damjan Rudez, Ian Mahinmi, Lavoy Allen, Rodney Stuckey, Solomon Hill",6,32,30,32,30,953,953,0,0,0,0
"21400049","MIL","Giannis Antetokounmpo, Jerryd Bayless, John Henson, Khris Middleton, O.J. Mayo",6,28,30,30,32,912,953,2,2,0,41
"21400049","IND","Damjan Rudez, Donald Sloan, Ian Mahinmi, Lavoy Allen, Solomon Hill",7,32,30,37,30,953,1060,5,0,5,107
"21400049","MIL","Ersan Ilyasova, Jerryd Bayless, John Henson, Khris Middleton, O.J. Mayo",7,30,32,32,37,953,1140,2,5,-3,187
"21400049","IND","CJ Miles, Damjan Rudez, Donald Sloan, Ian Mahinmi, Lavoy Allen",8,37,30,37,32,1060,1151,0,2,-2,91
"21400049","MIL","Ersan Ilyasova, Jabari Parker, Jerryd Bayless, John Henson, O.J. Mayo",8,32,37,32,37,1140,1140,0,0,0,0
"21400049","IND","CJ Miles, Damjan Rudez, Donald Sloan, Lavoy Allen, Roy Hibbert",9,37,32,37,33,1151,1192,0,1,-1,41
"21400049","MIL","Brandon Knight, Ersan Ilyasova, Jabari Parker, John Henson, O.J. Mayo",9,32,37,33,37,1140,1192,1,0,1,52
"21400049","IND","CJ Miles, Damjan Rudez, Donald Sloan, Luis Scola, Roy Hibbert",10,37,33,39,36,1192,1317,2,3,-1,125
"21400049","MIL","Brandon Knight, Jabari Parker, John Henson, Larry Sanders, O.J. Mayo",10,33,37,33,37,1192,1192,0,0,0,0
"21400049","IND","Chris Copeland, CJ Miles, Donald Sloan, Luis Scola, Roy Hibbert",11,39,36,43,36,1317,1413,4,0,4,96
"21400049","MIL","Brandon Knight, Jabari Parker, Jared Dudley, John Henson, Larry Sanders",11,33,37,38,43,1192,1440,5,6,-1,248
"21400049","IND","Chris Copeland, CJ Miles, Damjan Rudez, Donald Sloan, Roy Hibbert",12,43,36,43,38,1413,1440,0,2,-2,27
"21400049","MIL","Brandon Knight, Ersan Ilyasova, Jabari Parker, Jared Dudley, Larry Sanders",12,38,43,45,62,1440,1797,7,19,-12,357
"21400049","IND","Chris Copeland, CJ Miles, Damjan Rudez, Donald Sloan, Solomon Hill",13,43,38,43,38,1440,1440,0,0,0,0
"21400049","MIL","Brandon Knight, Ersan Ilyasova, Jabari Parker, Jared Dudley, Zaza Pachulia",13,45,62,55,62,1797,2013,10,0,10,216
"21400049","IND","Chris Copeland, Damjan Rudez, Donald Sloan, Ian Mahinmi, Solomon Hill",14,43,38,43,38,1440,1440,0,0,0,0
"21400049","MIL","Brandon Knight, Ersan Ilyasova, Jared Dudley, O.J. Mayo, Zaza Pachulia",14,55,62,55,62,2013,2013,0,0,0,0
"21400049","IND","CJ Miles, Donald Sloan, Luis Scola, Roy Hibbert, Solomon Hill",15,43,38,62,45,1440,1797,19,7,12,357
"21400049","MIL","Brandon Knight, Jared Dudley, Jerryd Bayless, O.J. Mayo, Zaza Pachulia",15,55,62,55,62,2013,2013,0,0,0,0
"21400049","IND","CJ Miles, Donald Sloan, Luis Scola, Rodney Stuckey, Roy Hibbert",16,62,45,62,45,1797,1797,0,0,0,0
"21400049","MIL","Brandon Knight, Jerryd Bayless, Khris Middleton, O.J. Mayo, Zaza Pachulia",16,55,62,55,62,2013,2013,0,0,0,0
"21400049","IND","CJ Miles, Donald Sloan, Lavoy Allen, Rodney Stuckey, Roy Hibbert",17,62,45,62,45,1797,1797,0,0,0,0
"21400049","MIL","Giannis Antetokounmpo, Jerryd Bayless, Khris Middleton, O.J. Mayo, Zaza Pachulia",17,55,62,73,82,2013,2600,18,20,-2,587
"21400049","IND","Damjan Rudez, Donald Sloan, Lavoy Allen, Rodney Stuckey, Roy Hibbert",18,62,45,62,45,1797,1797,0,0,0,0
"21400049","MIL","Ersan Ilyasova, Jerryd Bayless, Khris Middleton, O.J. Mayo, Zaza Pachulia",18,73,82,73,82,2600,2611,0,0,0,11
"21400049","IND","Chris Copeland, Damjan Rudez, Lavoy Allen, Rodney Stuckey, Roy Hibbert",19,62,45,62,56,1797,2057,0,11,-11,260
"21400049","MIL","Ersan Ilyasova, Jerryd Bayless, Khris Middleton, Larry Sanders, O.J. Mayo",19,73,82,73,82,2611,2611,0,0,0,0
"21400049","IND","Chris Copeland, CJ Miles, Damjan Rudez, Lavoy Allen, Rodney Stuckey",20,62,56,69,61,2057,2160,7,5,2,103
"21400049","MIL","Ersan Ilyasova, Jabari Parker, Jerryd Bayless, Larry Sanders, O.J. Mayo",20,73,82,73,82,2611,2643,0,0,0,32
"21400049","IND","Chris Copeland, CJ Miles, Damjan Rudez, Donald Sloan, Lavoy Allen",21,69,61,77,68,2160,2354,8,7,1,194
"21400049","MIL","Ersan Ilyasova, Jabari Parker, Jared Dudley, Jerryd Bayless, Larry Sanders",21,73,82,75,84,2643,2726,2,2,0,83
"21400049","IND","CJ Miles, Damjan Rudez, Donald Sloan, Lavoy Allen, Solomon Hill",22,77,68,77,68,2354,2356,0,0,0,2
"21400049","MIL","Brandon Knight, Ersan Ilyasova, Jabari Parker, Jared Dudley, Larry Sanders",22,75,84,81,86,2726,2858,6,2,4,132
"21400049","IND","Damjan Rudez, Donald Sloan, Lavoy Allen, Roy Hibbert, Solomon Hill",23,77,68,82,71,2356,2536,5,3,2,180
"21400049","MIL","Brandon Knight, Jabari Parker, Jared Dudley, Jerryd Bayless, Larry Sanders",23,81,86,81,87,2858,2880,0,1,-1,22
"21400049","IND","Damjan Rudez, Lavoy Allen, Rodney Stuckey, Roy Hibbert, Solomon Hill",24,82,71,82,71,2536,2536,0,0,0,0
"21400049","IND","Chris Copeland, Lavoy Allen, Rodney Stuckey, Roy Hibbert, Solomon Hill",25,82,71,86,81,2536,2865,4,10,-6,329
"21400049","IND","Chris Copeland, Damjan Rudez, Rodney Stuckey, Roy Hibbert, Solomon Hill",26,86,81,86,81,2865,2876,0,0,0,11
"21400049","IND","Chris Copeland, Damjan Rudez, Donald Sloan, Rodney Stuckey, Solomon Hill",27,86,81,87,81,2876,2880,1,0,1,4
"21400050","HOU","Donatas Motiejunas, Dwight Howard, James Harden, Patrick Beverley, Trevor Ariza",0,0,0,5,6,0,89,5,6,-1,89
"21400050","MIA","Chris Bosh, Dwyane Wade, Luol Deng, Norris Cole, Shawne Williams",0,0,0,14,15,0,273,14,15,-1,273
"21400050","HOU","Dwight Howard, James Harden, Kostas Papanikolaou, Patrick Beverley, Trevor Ariza",1,5,6,22,23,89,466,17,17,0,377
"21400050","MIA","Dwyane Wade, Justin Hamilton, Luol Deng, Norris Cole, Shawne Williams",1,14,15,21,18,273,382,7,3,4,109
"21400050","HOU","Dwight Howard, James Harden, Jason Terry, Kostas Papanikolaou, Trevor Ariza",2,22,23,22,23,466,525,0,0,0,59
"21400050","MIA","Dwyane Wade, Justin Hamilton, Luol Deng, Mario Chalmers, Shawne Williams",2,21,18,23,22,382,466,2,4,-2,84
"21400050","HOU","James Harden, Jason Terry, Joey Dorsey, Kostas Papanikolaou, Trevor Ariza",3,22,23,28,25,525,621,6,2,4,96
"21400050","MIA","Justin Hamilton, Luol Deng, Mario Chalmers, Shabazz Napier, Shawne Williams",3,23,22,23,22,466,525,0,0,0,59
"21400050","HOU","James Harden, Jason Terry, Joey Dorsey, Kostas Papanikolaou, Patrick Beverley",4,28,25,30,31,621,691,2,6,-4,70
"21400050","MIA","James Ennis III, Justin Hamilton, Mario Chalmers, Shabazz Napier, Shawne Williams",4,23,22,23,22,525,525,0,0,0,0
"21400050","HOU","Dwight Howard, James Harden, Jason Terry, Kostas Papanikolaou, Patrick Beverley",5,30,31,30,31,691,720,0,0,0,29
"21400050","MIA","Chris Bosh, James Ennis III, Justin Hamilton, Mario Chalmers, Shabazz Napier",5,23,22,31,30,525,720,8,8,0,195
"21400050","HOU","Dwight Howard, Isaiah Canaan, Jason Terry, Kostas Papanikolaou, Patrick Beverley",6,30,31,31,33,720,815,1,2,-1,95
"21400050","MIA","Chris Bosh, James Ennis III, Josh McRoberts, Mario Chalmers, Shabazz Napier",6,31,30,35,32,720,861,4,2,2,141
"21400050","HOU","Donatas Motiejunas, Dwight Howard, Isaiah Canaan, Jason Terry, Patrick Beverley",7,31,33,32,35,815,887,1,2,-1,72
"21400050","MIA","James Ennis III, Josh McRoberts, Justin Hamilton, Mario Chalmers, Shabazz Napier",7,35,32,35,32,861,878,0,0,0,17
"21400050","HOU","Donatas Motiejunas, Dwight Howard, Isaiah Canaan, Patrick Beverley, Trevor Ariza",8,32,35,32,35,887,934,0,0,0,47
"21400050","MIA","Dwyane Wade, Josh McRoberts, Justin Hamilton, Mario Chalmers, Shabazz Napier",8,35,32,37,34,878,979,2,2,0,101
"21400050","HOU","Donatas Motiejunas, Dwight Howard, Isaiah Canaan, James Harden, Trevor Ariza",9,32,35,38,42,934,1059,6,7,-1,125
"21400050","MIA","Dwyane Wade, Justin Hamilton, Mario Chalmers, Shabazz Napier, Shawne Williams",9,37,34,42,38,979,1059,5,4,1,80
"21400050","HOU","Dwight Howard, Isaiah Canaan, James Harden, Kostas Papanikolaou, Trevor Ariza",10,38,42,38,45,1059,1138,0,3,-3,79
"21400050","MIA","Dwyane Wade, Justin Hamilton, Luol Deng, Mario Chalmers, Shawne Williams",10,42,38,45,40,1059,1167,3,2,1,108
"21400050","HOU","Dwight Howard, James Harden, Jason Terry, Kostas Papanikolaou, Trevor Ariza",11,38,45,38,45,1138,1138,0,0,0,0
"21400050","MIA","Dwyane Wade, Justin Hamilton, Luol Deng, Norris Cole, Shawne Williams",11,45,40,49,46,1167,1270,4,6,-2,103
"21400050","HOU","James Harden, Jason Terry, Joey Dorsey, Kostas Papanikolaou, Trevor Ariza",12,38,45,43,49,1138,1231,5,4,1,93
"21400050","MIA","Justin Hamilton, Luol Deng, Mario Chalmers, Norris Cole, Shawne Williams",12,49,46,49,46,1270,1270,0,0,0,0
"21400050","HOU","Dwight Howard, James Harden, Jason Terry, Kostas Papanikolaou, Trevor Ariza",13,43,49,57,55,1231,1440,14,6,8,209
"21400050","MIA","Josh McRoberts, Luol Deng, Mario Chalmers, Norris Cole, Shawne Williams",13,49,46,54,55,1270,1355,5,9,-4,85
"21400050","HOU","Donatas Motiejunas, Dwight Howard, James Harden, Patrick Beverley, Trevor Ariza",14,57,55,68,61,1440,1781,11,6,5,341
"21400050","MIA","Justin Hamilton, Luol Deng, Mario Chalmers, Norris Cole, Shawne Williams",14,54,55,54,55,1355,1368,0,0,0,13
"21400050","HOU","Dwight Howard, James Harden, Kostas Papanikolaou, Patrick Beverley, Trevor Ariza",15,68,61,77,66,1781,1940,9,5,4,159
"21400050","MIA","Dwyane Wade, Justin Hamilton, Luol Deng, Mario Chalmers, Shawne Williams",15,54,55,55,57,1368,1435,1,2,-1,67
"21400050","HOU","James Harden, Jason Terry, Kostas Papanikolaou, Patrick Beverley, Trevor Ariza",16,77,66,77,66,1940,1940,0,0,0,0
"21400050","MIA","Dwyane Wade, Justin Hamilton, Luol Deng, Norris Cole, Shawne Williams",16,55,57,55,57,1435,1440,0,0,0,5
"21400050","HOU","James Harden, Jason Terry, Joey Dorsey, Kostas Papanikolaou, Trevor Ariza",17,77,66,79,69,1940,1981,2,3,-1,41
"21400050","MIA","Chris Bosh, Dwyane Wade, Luol Deng, Norris Cole, Shawne Williams",17,55,57,64,74,1440,1841,9,17,-8,401
"21400050","HOU","Isaiah Canaan, James Harden, Jason Terry, Joey Dorsey, Kostas Papanikolaou",18,79,69,83,77,1981,2160,4,8,-4,179
"21400050","MIA","Chris Bosh, Dwyane Wade, Luol Deng, Shabazz Napier, Shawne Williams",18,64,74,66,77,1841,1940,2,3,-1,99
"21400050","HOU","Dwight Howard, Isaiah Canaan, Jason Terry, Kostas Papanikolaou, Trevor Ariza",19,83,77,88,80,2160,2314,5,3,2,154
"21400050","MIA","Chris Bosh, Dwyane Wade, Mario Chalmers, Shabazz Napier, Shawne Williams",19,66,77,66,77,1940,1940,0,0,0,0
"21400050","HOU","Dwight Howard, Isaiah Canaan, Kostas Papanikolaou, Patrick Beverley, Trevor Ariza",20,88,80,90,80,2314,2381,2,0,2,67
"21400050","MIA","Chris Bosh, James Ennis III, Mario Chalmers, Shabazz Napier, Shawne Williams",20,66,77,69,79,1940,1971,3,2,1,31
"21400050","HOU","Isaiah Canaan, James Harden, Kostas Papanikolaou, Patrick Beverley, Trevor Ariza",21,90,80,90,80,2381,2381,0,0,0,0
"21400050","MIA","Chris Bosh, James Ennis III, Justin Hamilton, Mario Chalmers, Shabazz Napier",21,69,79,80,86,1971,2258,11,7,4,287
"21400050","HOU","Donatas Motiejunas, James Harden, Kostas Papanikolaou, Patrick Beverley, Trevor Ariza",22,90,80,90,86,2381,2481,0,6,-6,100
"21400050","MIA","Chris Bosh, Dwyane Wade, Justin Hamilton, Mario Chalmers, Shabazz Napier",22,80,86,80,88,2258,2314,0,2,-2,56
"21400050","HOU","Dwight Howard, James Harden, Kostas Papanikolaou, Patrick Beverley, Trevor Ariza",23,90,86,108,91,2481,2858,18,5,13,377
"21400050","MIA","Dwyane Wade, Justin Hamilton, Mario Chalmers, Shabazz Napier, Shawne Williams",23,80,88,80,90,2314,2401,0,2,-2,87
"21400050","HOU","Donatas Motiejunas, Dwight Howard, James Harden, Kostas Papanikolaou, Patrick Beverley",24,108,91,108,91,2858,2858,0,0,0,0
"21400050","MIA","Chris Bosh, Dwyane Wade, Justin Hamilton, Mario Chalmers, Shabazz Napier",24,80,90,87,103,2401,2696,7,13,-6,295
"21400050","HOU","Donatas Motiejunas, Isaiah Canaan, James Harden, Kostas Papanikolaou, Patrick Beverley",25,108,91,108,91,2858,2858,0,0,0,0
"21400050","MIA","Chris Bosh, James Ennis III, Justin Hamilton, Mario Chalmers, Shabazz Napier",25,87,103,87,103,2696,2719,0,0,0,23
"21400050","HOU","Donatas Motiejunas, Isaiah Canaan, Kostas Papanikolaou, Patrick Beverley, Troy Daniels",26,108,91,108,91,2858,2858,0,0,0,0
"21400050","MIA","James Ennis III, Justin Hamilton, Mario Chalmers, Shabazz Napier, Shawne Williams",26,87,103,87,103,2719,2754,0,0,0,35
"21400050","HOU","Donatas Motiejunas, Isaiah Canaan, Jason Terry, Kostas Papanikolaou, Troy Daniels",27,108,91,108,91,2858,2880,0,0,0,22
"21400050","MIA","Andre Dawkins, James Ennis III, Justin Hamilton, Shabazz Napier, Shawne Williams",27,87,103,91,108,2754,2880,4,5,-1,126
"21400051","NYK","Amar'e Stoudemire, Carmelo Anthony, Iman Shumpert, Samuel Dalembert, Shane Larkin",0,0,0,6,11,0,410,6,11,-5,410
"21400051","WAS","Garrett Temple, John Wall, Marcin Gortat, Nene, Paul Pierce",0,0,0,11,6,0,410,11,6,5,410
"21400051","NYK","Carmelo Anthony, Iman Shumpert, Jason Smith, Samuel Dalembert, Shane Larkin",1,6,11,10,11,410,462,4,0,4,52
"21400051","WAS","Drew Gooden, Garrett Temple, John Wall, Marcin Gortat, Paul Pierce",1,11,6,11,10,410,462,0,4,-4,52
"21400051","NYK","Carmelo Anthony, Cole Aldrich, Iman Shumpert, Jason Smith, Shane Larkin",2,10,11,10,11,462,470,0,0,0,8
"21400051","WAS","Drew Gooden, Garrett Temple, John Wall, Marcin Gortat, Otto Porter Jr.",2,11,10,23,17,462,691,12,7,5,229
"21400051","NYK","Carmelo Anthony, Cole Aldrich, Jason Smith, JR Smith, Shane Larkin",3,10,11,10,15,470,569,0,4,-4,99
"21400051","WAS","Drew Gooden, Garrett Temple, John Wall, Kevin Seraphin, Otto Porter Jr.",3,23,17,23,17,691,691,0,0,0,0
"21400051","NYK","Carmelo Anthony, Cole Aldrich, Jason Smith, JR Smith, Pablo Prigioni",4,10,15,17,23,569,691,7,8,-1,122
"21400051","WAS","Andre Miller, Drew Gooden, John Wall, Kevin Seraphin, Otto Porter Jr.",4,23,17,23,17,691,691,0,0,0,0
"21400051","NYK","Cole Aldrich, Jason Smith, JR Smith, Pablo Prigioni, Tim Hardaway Jr.",5,17,23,21,28,691,902,4,5,-1,211
"21400051","WAS","Andre Miller, Drew Gooden, Glen Rice, Kevin Seraphin, Otto Porter Jr.",5,23,17,31,27,691,1019,8,10,-2,328
"21400051","NYK","Jason Smith, JR Smith, Pablo Prigioni, Samuel Dalembert, Tim Hardaway Jr.",6,21,28,27,31,902,1019,6,3,3,117
"21400051","WAS","Andre Miller, Drew Gooden, Kevin Seraphin, Otto Porter Jr., Paul Pierce",6,31,27,31,27,1019,1019,0,0,0,0
"21400051","NYK","Iman Shumpert, Jason Smith, JR Smith, Pablo Prigioni, Samuel Dalembert",7,27,31,27,31,1019,1019,0,0,0,0
"21400051","WAS","Andre Miller, Kevin Seraphin, Nene, Otto Porter Jr., Paul Pierce",7,31,27,36,33,1019,1185,5,6,-1,166
"21400051","NYK","Carmelo Anthony, Iman Shumpert, Jason Smith, Pablo Prigioni, Samuel Dalembert",8,27,31,29,31,1019,1064,2,0,2,45
"21400051","WAS","John Wall, Kevin Seraphin, Nene, Otto Porter Jr., Paul Pierce",8,36,33,39,35,1185,1239,3,2,1,54
"21400051","NYK","Amar'e Stoudemire, Carmelo Anthony, Iman Shumpert, Pablo Prigioni, Samuel Dalembert",9,29,31,33,36,1064,1185,4,5,-1,121
"21400051","WAS","Garrett Temple, John Wall, Kevin Seraphin, Nene, Paul Pierce",9,39,35,42,35,1239,1275,3,0,3,36
"21400051","NYK","Amar'e Stoudemire, Carmelo Anthony, Iman Shumpert, Samuel Dalembert, Shane Larkin",10,33,36,38,42,1185,1352,5,6,-1,167
"21400051","WAS","Garrett Temple, John Wall, Marcin Gortat, Nene, Paul Pierce",10,42,35,42,38,1275,1352,0,3,-3,77
"21400051","NYK","Carmelo Anthony, Iman Shumpert, Jason Smith, Samuel Dalembert, Shane Larkin",11,38,42,40,45,1352,1426,2,3,-1,74
"21400051","WAS","Drew Gooden, Garrett Temple, John Wall, Marcin Gortat, Paul Pierce",11,42,38,42,38,1352,1352,0,0,0,0
"21400051","NYK","Carmelo Anthony, Iman Shumpert, JR Smith, Samuel Dalembert, Shane Larkin",12,40,45,40,45,1426,1440,0,0,0,14
"21400051","WAS","Drew Gooden, Glen Rice, John Wall, Marcin Gortat, Paul Pierce",12,42,38,45,39,1352,1416,3,1,2,64
"21400051","NYK","Amar'e Stoudemire, Carmelo Anthony, Iman Shumpert, Samuel Dalembert, Shane Larkin",13,40,45,54,48,1440,1651,14,3,11,211
"21400051","WAS","Drew Gooden, Glen Rice, John Wall, Kevin Seraphin, Paul Pierce",13,45,39,45,40,1416,1426,0,1,-1,10
"21400051","NYK","Amar'e Stoudemire, Carmelo Anthony, Iman Shumpert, Jason Smith, Shane Larkin",14,54,48,58,56,1651,1816,4,8,-4,165
"21400051","WAS","Drew Gooden, Glen Rice, John Wall, Otto Porter Jr., Paul Pierce",14,45,40,45,40,1426,1440,0,0,0,14
"21400051","NYK","Amar'e Stoudemire, Carmelo Anthony, Jason Smith, JR Smith, Shane Larkin",15,58,56,58,56,1816,1831,0,0,0,15
"21400051","WAS","Garrett Temple, John Wall, Marcin Gortat, Nene, Paul Pierce",15,45,40,56,59,1440,1889,11,19,-8,449
"21400051","NYK","Amar'e Stoudemire, Carmelo Anthony, Jason Smith, JR Smith, Pablo Prigioni",16,58,56,59,56,1831,1889,1,0,1,58
"21400051","WAS","Drew Gooden, Garrett Temple, John Wall, Marcin Gortat, Paul Pierce",16,56,59,56,59,1889,1906,0,0,0,17
"21400051","NYK","Carmelo Anthony, Cole Aldrich, Jason Smith, JR Smith, Pablo Prigioni",17,59,56,64,56,1889,1979,5,0,5,90
"21400051","WAS","Drew Gooden, Garrett Temple, John Wall, Kevin Seraphin, Paul Pierce",17,56,59,56,64,1906,1979,0,5,-5,73
"21400051","NYK","Cole Aldrich, Jason Smith, JR Smith, Pablo Prigioni, Tim Hardaway Jr.",18,64,56,72,60,1979,2138,8,4,4,159
"21400051","WAS","Drew Gooden, Garrett Temple, John Wall, Kevin Seraphin, Otto Porter Jr.",18,56,64,56,66,1979,2037,0,2,-2,58
"21400051","NYK","Cole Aldrich, Iman Shumpert, JR Smith, Pablo Prigioni, Tim Hardaway Jr.",19,72,60,72,60,2138,2160,0,0,0,22
"21400051","WAS","Andre Miller, Drew Gooden, Garrett Temple, Kevin Seraphin, Otto Porter Jr.",19,56,66,58,72,2037,2124,2,6,-4,87
"21400051","NYK","Cole Aldrich, Iman Shumpert, JR Smith, Samuel Dalembert, Tim Hardaway Jr.",20,72,60,72,60,2160,2160,0,0,0,0
"21400051","WAS","Andre Miller, Drew Gooden, Glen Rice, Kevin Seraphin, Otto Porter Jr.",20,58,72,60,72,2124,2138,2,0,2,14
"21400051","NYK","Amar'e Stoudemire, Carmelo Anthony, Iman Shumpert, JR Smith, Pablo Prigioni",21,72,60,83,73,2160,2535,11,13,-2,375
"21400051","WAS","Andre Miller, Glen Rice, John Wall, Kevin Seraphin, Otto Porter Jr.",21,60,72,60,72,2138,2159,0,0,0,21
"21400051","NYK","Amar'e Stoudemire, Carmelo Anthony, Iman Shumpert, JR Smith, Shane Larkin",22,83,73,90,77,2535,2720,7,4,3,185
"21400051","WAS","Drew Gooden, Glen Rice, John Wall, Kevin Seraphin, Otto Porter Jr.",22,60,72,60,72,2159,2160,0,0,0,1
"21400051","NYK","Amar'e Stoudemire, Cole Aldrich, Iman Shumpert, JR Smith, Shane Larkin",23,90,77,90,77,2720,2720,0,0,0,0
"21400051","WAS","Andre Miller, Drew Gooden, Glen Rice, Kevin Seraphin, Otto Porter Jr.",23,60,72,73,83,2160,2535,13,11,2,375
"21400051","NYK","Cole Aldrich, Iman Shumpert, JR Smith, Shane Larkin, Travis Wear",24,90,77,90,77,2720,2720,0,0,0,0
"21400051","WAS","Andre Miller, Glen Rice, Kevin Seraphin, Otto Porter Jr., Paul Pierce",24,73,83,73,83,2535,2535,0,0,0,0
"21400051","NYK","Cole Aldrich, JR Smith, Shane Larkin, Tim Hardaway Jr., Travis Wear",25,90,77,90,77,2720,2720,0,0,0,0
"21400051","WAS","Andre Miller, John Wall, Kevin Seraphin, Otto Porter Jr., Paul Pierce",25,73,83,75,83,2535,2549,2,0,2,14
"21400051","NYK","Cole Aldrich, Jason Smith, Shane Larkin, Tim Hardaway Jr., Travis Wear",26,90,77,98,83,2720,2880,8,6,2,160
"21400051","WAS","Garrett Temple, John Wall, Kevin Seraphin, Otto Porter Jr., Paul Pierce",26,75,83,75,83,2549,2549,0,0,0,0
"21400051","WAS","Garrett Temple, John Wall, Nene, Otto Porter Jr., Paul Pierce",27,75,83,79,92,2549,2790,4,9,-5,241
"21400051","WAS","DeJuan Blair, Garrett Temple, John Wall, Otto Porter Jr., Paul Pierce",28,79,92,79,92,2790,2790,0,0,0,0
"21400051","WAS","DeJuan Blair, Garrett Temple, John Wall, Kevin Seraphin, Otto Porter Jr.",29,79,92,79,92,2790,2790,0,0,0,0
"21400051","WAS","DeJuan Blair, Garrett Temple, Glen Rice, Kevin Seraphin, Otto Porter Jr.",30,79,92,83,98,2790,2880,4,6,-2,90
"21400052","OKC","Lance Thomas, Perry Jones III, Reggie Jackson, Serge Ibaka, Steven Adams",0,0,0,16,20,0,438,16,20,-4,438
"21400052","TOR","DeMar DeRozan, Jonas Valanciunas, Kyle Lowry, Patrick Patterson, Terrence Ross",0,0,0,20,16,0,438,20,16,4,438
"21400052","OKC","Nick Collison, Perry Jones III, Reggie Jackson, Serge Ibaka, Steven Adams",1,16,20,18,21,438,481,2,1,1,43
"21400052","TOR","Chuck Hayes, DeMar DeRozan, Kyle Lowry, Patrick Patterson, Terrence Ross",1,20,16,20,16,438,462,0,0,0,24
"21400052","OKC","Kendrick Perkins, Nick Collison, Perry Jones III, Reggie Jackson, Serge Ibaka",2,18,21,23,30,481,720,5,9,-4,239
"21400052","TOR","Chuck Hayes, DeMar DeRozan, James Johnson, Kyle Lowry, Patrick Patterson",2,20,16,30,21,462,666,10,5,5,204
"21400052","OKC","Kendrick Perkins, Nick Collison, Perry Jones III, Sebastian Telfair, Serge Ibaka",3,23,30,26,33,720,784,3,3,0,64
"21400052","TOR","Chuck Hayes, DeMar DeRozan, James Johnson, Kyle Lowry, Tyler Hansbrough",3,30,21,30,21,666,666,0,0,0,0
"21400052","OKC","Kendrick Perkins, Lance Thomas, Nick Collison, Sebastian Telfair, Serge Ibaka",4,26,33,33,37,784,1001,7,4,3,217
"21400052","TOR","Chuck Hayes, DeMar DeRozan, James Johnson, Lou Williams, Tyler Hansbrough",4,30,21,30,21,666,666,0,0,0,0
"21400052","OKC","Kendrick Perkins, Lance Thomas, Nick Collison, Reggie Jackson, Sebastian Telfair",5,33,37,33,37,1001,1001,0,0,0,0
"21400052","TOR","Chuck Hayes, Greivis Vasquez, James Johnson, Lou Williams, Tyler Hansbrough",5,30,21,30,23,666,720,0,2,-2,54
"21400052","OKC","Lance Thomas, Nick Collison, Reggie Jackson, Sebastian Telfair, Steven Adams",6,33,37,35,40,1001,1091,2,3,-1,90
"21400052","TOR","Greg Stiemsma, Greivis Vasquez, James Johnson, Lou Williams, Tyler Hansbrough",6,30,23,38,35,720,1052,8,12,-4,332
"21400052","OKC","Nick Collison, Reggie Jackson, Sebastian Telfair, Serge Ibaka, Steven Adams",7,35,40,35,40,1091,1091,0,0,0,0
"21400052","TOR","Greivis Vasquez, James Johnson, Jonas Valanciunas, Lou Williams, Tyler Hansbrough",7,38,35,40,35,1052,1091,2,0,2,39
"21400052","OKC","Perry Jones III, Reggie Jackson, Sebastian Telfair, Serge Ibaka, Steven Adams",8,35,40,44,48,1091,1308,9,8,1,217
"21400052","TOR","Greivis Vasquez, Jonas Valanciunas, Kyle Lowry, Lou Williams, Tyler Hansbrough",8,40,35,40,35,1091,1091,0,0,0,0
"21400052","OKC","Lance Thomas, Reggie Jackson, Sebastian Telfair, Serge Ibaka, Steven Adams",9,44,48,47,52,1308,1383,3,4,-1,75
"21400052","TOR","DeMar DeRozan, Greivis Vasquez, Jonas Valanciunas, Kyle Lowry, Tyler Hansbrough",9,40,35,40,35,1091,1091,0,0,0,0
"21400052","OKC","Kendrick Perkins, Lance Thomas, Reggie Jackson, Sebastian Telfair, Serge Ibaka",10,47,52,51,52,1383,1440,4,0,4,57
"21400052","TOR","DeMar DeRozan, Jonas Valanciunas, Kyle Lowry, Terrence Ross, Tyler Hansbrough",10,40,35,44,37,1091,1216,4,2,2,125
"21400052","OKC","Lance Thomas, Perry Jones III, Reggie Jackson, Serge Ibaka, Steven Adams",11,51,52,51,52,1440,1493,0,0,0,53
"21400052","TOR","DeMar DeRozan, Jonas Valanciunas, Kyle Lowry, Patrick Patterson, Terrence Ross",11,44,37,52,47,1216,1383,8,10,-2,167
"21400052","OKC","Lance Thomas, Reggie Jackson, Sebastian Telfair, Serge Ibaka, Steven Adams",12,51,52,59,59,1493,1715,8,7,1,222
"21400052","TOR","DeMar DeRozan, Kyle Lowry, Patrick Patterson, Terrence Ross, Tyler Hansbrough",12,52,47,60,64,1383,1842,8,17,-9,459
"21400052","OKC","Kendrick Perkins, Lance Thomas, Reggie Jackson, Sebastian Telfair, Serge Ibaka",13,59,59,68,64,1715,1935,9,5,4,220
"21400052","TOR","DeMar DeRozan, Greg Stiemsma, Kyle Lowry, Patrick Patterson, Terrence Ross",13,60,64,64,68,1842,1935,4,4,0,93
"21400052","OKC","Kendrick Perkins, Lance Thomas, Nick Collison, Reggie Jackson, Sebastian Telfair",14,68,64,70,64,1935,1967,2,0,2,32
"21400052","TOR","DeMar DeRozan, Greg Stiemsma, Greivis Vasquez, Kyle Lowry, Patrick Patterson",14,64,68,64,68,1935,1947,0,0,0,12
"21400052","OKC","Kendrick Perkins, Lance Thomas, Nick Collison, Sebastian Telfair, Serge Ibaka",15,70,64,71,66,1967,2063,1,2,-1,96
"21400052","TOR","DeMar DeRozan, Greg Stiemsma, Greivis Vasquez, James Johnson, Kyle Lowry",15,64,68,64,70,1947,1995,0,2,-2,48
"21400052","OKC","Kendrick Perkins, Lance Thomas, Nick Collison, Reggie Jackson, Serge Ibaka",16,71,66,73,70,2063,2160,2,4,-2,97
"21400052","TOR","Greg Stiemsma, Greivis Vasquez, James Johnson, Kyle Lowry, Tyler Hansbrough",16,64,70,64,70,1995,1995,0,0,0,0
"21400052","OKC","Lance Thomas, Nick Collison, Reggie Jackson, Serge Ibaka, Steven Adams",17,73,70,85,76,2160,2419,12,6,6,259
"21400052","TOR","Greg Stiemsma, Greivis Vasquez, James Johnson, Lou Williams, Tyler Hansbrough",17,64,70,66,70,1995,2014,2,0,2,19
"21400052","OKC","Nick Collison, Reggie Jackson, Sebastian Telfair, Serge Ibaka, Steven Adams",18,85,76,100,87,2419,2763,15,11,4,344
"21400052","TOR","Chuck Hayes, Greivis Vasquez, James Johnson, Lou Williams, Tyler Hansbrough",18,66,70,68,73,2014,2127,2,3,-1,113
"21400052","OKC","Lance Thomas, Nick Collison, Reggie Jackson, Serge Ibaka, Steven Adams",19,100,87,100,88,2763,2880,0,1,-1,117
"21400052","TOR","Chuck Hayes, Greivis Vasquez, James Johnson, Lou Williams, Patrick Patterson",19,68,73,70,73,2127,2160,2,0,2,33
"21400052","TOR","Greg Stiemsma, Greivis Vasquez, James Johnson, Lou Williams, Patrick Patterson",20,70,73,76,85,2160,2411,6,12,-6,251
"21400052","TOR","Greivis Vasquez, James Johnson, Lou Williams, Patrick Patterson, Tyler Hansbrough",21,76,85,85,92,2411,2607,9,7,2,196
"21400052","TOR","James Johnson, Kyle Lowry, Lou Williams, Patrick Patterson, Tyler Hansbrough",22,85,92,85,92,2607,2607,0,0,0,0
"21400052","TOR","DeMar DeRozan, Kyle Lowry, Lou Williams, Patrick Patterson, Tyler Hansbrough",23,85,92,87,94,2607,2700,2,2,0,93
"21400052","TOR","DeMar DeRozan, Kyle Lowry, Patrick Patterson, Terrence Ross, Tyler Hansbrough",24,87,94,88,100,2700,2880,1,6,-5,180
"21400053","CHI","Jimmy Butler, Kirk Hinrich, Mike Dunleavy, Pau Gasol, Taj Gibson",0,0,0,18,14,0,487,18,14,4,487
"21400053","ORL","Channing Frye, Elfrid Payton, Evan Fournier, Nikola Vucevic, Tobias Harris",0,0,0,14,18,0,487,14,18,-4,487
"21400053","CHI","Aaron Brooks, Jimmy Butler, Mike Dunleavy, Pau Gasol, Taj Gibson",1,18,14,22,19,487,584,4,5,-1,97
"21400053","ORL","Channing Frye, Evan Fournier, Luke Ridnour, Nikola Vucevic, Tobias Harris",1,14,18,19,22,487,584,5,4,1,97
"21400053","CHI","Aaron Brooks, Doug McDermott, Jimmy Butler, Pau Gasol, Taj Gibson",2,22,19,28,24,584,713,6,5,1,129
"21400053","ORL","Aaron Gordon, Evan Fournier, Luke Ridnour, Nikola Vucevic, Tobias Harris",2,19,22,21,24,584,646,2,2,0,62
"21400053","CHI","Doug McDermott, Jimmy Butler, Pau Gasol, Taj Gibson, Tony Snell",3,28,24,28,24,713,713,0,0,0,0
"21400053","ORL","Aaron Gordon, Dewayne Dedmon, Evan Fournier, Luke Ridnour, Tobias Harris",3,21,24,21,24,646,646,0,0,0,0
"21400053","CHI","E'Twaun Moore, Jimmy Butler, Pau Gasol, Taj Gibson, Tony Snell",4,28,24,28,24,713,720,0,0,0,7
"21400053","ORL","Aaron Gordon, Ben Gordon, Dewayne Dedmon, Luke Ridnour, Tobias Harris",4,21,24,24,28,646,713,3,4,-1,67
"21400053","CHI","Aaron Brooks, Doug McDermott, Nikola Mirotic, Taj Gibson, Tony Snell",5,28,24,34,29,720,804,6,5,1,84
"21400053","ORL","Ben Gordon, Channing Frye, Dewayne Dedmon, Luke Ridnour, Tobias Harris",5,24,28,24,28,713,713,0,0,0,0
"21400053","CHI","Aaron Brooks, Doug McDermott, Nikola Mirotic, Pau Gasol, Tony Snell",6,34,29,45,44,804,1210,11,15,-4,406
"21400053","ORL","Ben Gordon, Channing Frye, Evan Fournier, Luke Ridnour, Tobias Harris",6,24,28,24,28,713,720,0,0,0,7
"21400053","CHI","Aaron Brooks, Jimmy Butler, Nikola Mirotic, Pau Gasol, Tony Snell",7,45,44,45,44,1210,1237,0,0,0,27
"21400053","ORL","Aaron Gordon, Ben Gordon, Channing Frye, Dewayne Dedmon, Luke Ridnour",7,24,28,33,36,720,935,9,8,1,215
"21400053","CHI","Aaron Brooks, Jimmy Butler, Kirk Hinrich, Nikola Mirotic, Pau Gasol",8,45,44,50,48,1237,1328,5,4,1,91
"21400053","ORL","Aaron Gordon, Ben Gordon, Channing Frye, Dewayne Dedmon, Evan Fournier",8,33,36,33,36,935,935,0,0,0,0
"21400053","CHI","Jimmy Butler, Kirk Hinrich, Mike Dunleavy, Nikola Mirotic, Pau Gasol",9,50,48,52,54,1328,1440,2,6,-4,112
"21400053","ORL","Ben Gordon, Channing Frye, Dewayne Dedmon, Elfrid Payton, Evan Fournier",9,33,36,37,38,935,999,4,2,2,64
"21400053","CHI","Jimmy Butler, Kirk Hinrich, Mike Dunleavy, Pau Gasol, Taj Gibson",10,52,54,59,61,1440,1903,7,7,0,463
"21400053","ORL","Ben Gordon, Channing Frye, Elfrid Payton, Evan Fournier, Nikola Vucevic",10,37,38,39,40,999,1094,2,2,0,95
"21400053","CHI","Aaron Brooks, Jimmy Butler, Mike Dunleavy, Pau Gasol, Taj Gibson",11,59,61,59,61,1903,1927,0,0,0,24
"21400053","ORL","Ben Gordon, Elfrid Payton, Evan Fournier, Nikola Vucevic, Tobias Harris",11,39,40,48,47,1094,1298,9,7,2,204
"21400053","CHI","Aaron Brooks, Jimmy Butler, Mike Dunleavy, Nikola Mirotic, Pau Gasol",12,59,61,63,66,1927,2060,4,5,-1,133
"21400053","ORL","Aaron Gordon, Ben Gordon, Evan Fournier, Nikola Vucevic, Tobias Harris",12,48,47,48,47,1298,1298,0,0,0,0
"21400053","CHI","Aaron Brooks, Doug McDermott, Jimmy Butler, Nikola Mirotic, Pau Gasol",13,63,66,67,69,2060,2140,4,3,1,80
"21400053","ORL","Aaron Gordon, Evan Fournier, Luke Ridnour, Nikola Vucevic, Tobias Harris",13,48,47,54,52,1298,1440,6,5,1,142
"21400053","CHI","Aaron Brooks, Jimmy Butler, Nikola Mirotic, Pau Gasol, Tony Snell",14,67,69,67,69,2140,2140,0,0,0,0
"21400053","ORL","Channing Frye, Elfrid Payton, Evan Fournier, Nikola Vucevic, Tobias Harris",14,54,52,61,59,1440,1903,7,7,0,463
"21400053","CHI","E'Twaun Moore, Jimmy Butler, Nikola Mirotic, Pau Gasol, Tony Snell",15,67,69,69,69,2140,2160,2,0,2,20
"21400053","ORL","Channing Frye, Evan Fournier, Luke Ridnour, Nikola Vucevic, Tobias Harris",15,61,59,63,59,1903,1987,2,0,2,84
"21400053","CHI","Aaron Brooks, Jimmy Butler, Nikola Mirotic, Taj Gibson, Tony Snell",16,69,69,71,73,2160,2209,2,4,-2,49
"21400053","ORL","Ben Gordon, Evan Fournier, Luke Ridnour, Nikola Vucevic, Tobias Harris",16,63,59,63,59,1987,1987,0,0,0,0
"21400053","CHI","Aaron Brooks, Kirk Hinrich, Nikola Mirotic, Taj Gibson, Tony Snell",17,71,73,79,87,2209,2497,8,14,-6,288
"21400053","ORL","Aaron Gordon, Ben Gordon, Luke Ridnour, Nikola Vucevic, Tobias Harris",17,63,59,66,63,1987,2060,3,4,-1,73
"21400053","CHI","Aaron Brooks, Kirk Hinrich, Nikola Mirotic, Pau Gasol, Tony Snell",18,79,87,79,87,2497,2497,0,0,0,0
"21400053","ORL","Aaron Gordon, Ben Gordon, Dewayne Dedmon, Luke Ridnour, Tobias Harris",18,66,63,69,67,2060,2140,3,4,-1,80
"21400053","CHI","Aaron Brooks, Jimmy Butler, Kirk Hinrich, Nikola Mirotic, Pau Gasol",19,79,87,82,87,2497,2566,3,0,3,69
"21400053","ORL","Aaron Gordon, Ben Gordon, Channing Frye, Luke Ridnour, Tobias Harris",19,69,67,69,69,2140,2160,0,2,-2,20
"21400053","CHI","Aaron Brooks, Jimmy Butler, Kirk Hinrich, Pau Gasol, Taj Gibson",20,82,87,90,98,2566,2880,8,11,-3,314
"21400053","ORL","Ben Gordon, Channing Frye, Elfrid Payton, Evan Fournier, Nikola Vucevic",20,69,69,79,77,2160,2376,10,8,2,216
"21400053","ORL","Aaron Gordon, Ben Gordon, Channing Frye, Evan Fournier, Nikola Vucevic",21,79,77,79,77,2376,2376,0,0,0,0
"21400053","ORL","Aaron Gordon, Channing Frye, Evan Fournier, Luke Ridnour, Nikola Vucevic",22,79,77,82,77,2376,2424,3,0,3,48
"21400053","ORL","Aaron Gordon, Channing Frye, Evan Fournier, Luke Ridnour, Tobias Harris",23,82,77,84,77,2424,2447,2,0,2,23
"21400053","ORL","Aaron Gordon, Evan Fournier, Luke Ridnour, Nikola Vucevic, Tobias Harris",24,84,77,87,79,2447,2497,3,2,1,50
"21400053","ORL","Aaron Gordon, Elfrid Payton, Evan Fournier, Nikola Vucevic, Tobias Harris",25,87,79,87,80,2497,2540,0,1,-1,43
"21400053","ORL","Channing Frye, Elfrid Payton, Evan Fournier, Nikola Vucevic, Tobias Harris",26,87,80,98,90,2540,2880,11,10,1,340
"21400054","CHA","Al Jefferson, Gerald Henderson, Kemba Walker, Lance Stephenson, Marvin Williams",0,0,0,14,11,0,431,14,11,3,431
"21400054","NOP","Anthony Davis, Eric Gordon, Jrue Holiday, Omer Asik, Tyreke Evans",0,0,0,9,8,0,272,9,8,1,272
"21400054","CHA","Al Jefferson, Cody Zeller, Gerald Henderson, Kemba Walker, Lance Stephenson",1,14,11,14,11,431,431,0,0,0,0
"21400054","NOP","Anthony Davis, Austin Rivers, Eric Gordon, Jrue Holiday, Omer Asik",1,9,8,14,21,272,520,5,13,-8,248
"21400054","CHA","Al Jefferson, Cody Zeller, Kemba Walker, Lance Stephenson, PJ Hairston",2,14,11,21,14,431,520,7,3,4,89
"21400054","NOP","Anthony Davis, Austin Rivers, Eric Gordon, Omer Asik, Ryan Anderson",2,14,21,14,21,520,520,0,0,0,0
"21400054","CHA","Cody Zeller, Gary Neal, Kemba Walker, Lance Stephenson, PJ Hairston",3,21,14,21,14,520,520,0,0,0,0
"21400054","NOP","Austin Rivers, Eric Gordon, Jimmer Fredette, Omer Asik, Ryan Anderson",3,14,21,19,24,520,606,5,3,2,86
"21400054","CHA","Cody Zeller, Gary Neal, Jason Maxiell, Kemba Walker, PJ Hairston",4,21,14,21,14,520,520,0,0,0,0
"21400054","NOP","Alexis Ajinca, Austin Rivers, Eric Gordon, Jimmer Fredette, Ryan Anderson",4,19,24,19,26,606,670,0,2,-2,64
"21400054","CHA","Brian Roberts, Cody Zeller, Gary Neal, Jason Maxiell, PJ Hairston",5,21,14,26,21,520,720,5,7,-2,200
"21400054","NOP","Alexis Ajinca, Austin Rivers, Jimmer Fredette, Russ Smith, Ryan Anderson",5,19,26,28,30,670,881,9,4,5,211
"21400054","CHA","Brian Roberts, Cody Zeller, Gary Neal, Jason Maxiell, Lance Stephenson",6,26,21,30,28,720,881,4,7,-3,161
"21400054","NOP","Anthony Davis, Austin Rivers, Jimmer Fredette, Russ Smith, Ryan Anderson",6,28,30,30,30,881,906,2,0,2,25
"21400054","CHA","Brian Roberts, Cody Zeller, Gary Neal, Lance Stephenson, Marvin Williams",7,30,28,37,32,881,1030,7,4,3,149
"21400054","NOP","Anthony Davis, Austin Rivers, Jimmer Fredette, Ryan Anderson, Tyreke Evans",7,30,30,32,37,906,1030,2,7,-5,124
"21400054","CHA","Al Jefferson, Brian Roberts, Gary Neal, Lance Stephenson, Marvin Williams",8,37,32,37,32,1030,1030,0,0,0,0
"21400054","NOP","Anthony Davis, Austin Rivers, Jrue Holiday, Ryan Anderson, Tyreke Evans",8,32,37,40,41,1030,1165,8,4,4,135
"21400054","CHA","Al Jefferson, Brian Roberts, Gerald Henderson, Lance Stephenson, Marvin Williams",9,37,32,41,40,1030,1165,4,8,-4,135
"21400054","NOP","Anthony Davis, Austin Rivers, Jrue Holiday, Omer Asik, Tyreke Evans",9,40,41,40,41,1165,1165,0,0,0,0
"21400054","CHA","Al Jefferson, Gerald Henderson, Kemba Walker, Lance Stephenson, Marvin Williams",10,41,40,41,40,1165,1196,0,0,0,31
"21400054","NOP","Anthony Davis, Eric Gordon, Jrue Holiday, Omer Asik, Tyreke Evans",10,40,41,44,47,1165,1369,4,6,-2,204
"21400054","CHA","Al Jefferson, Cody Zeller, Gerald Henderson, Kemba Walker, Lance Stephenson",11,41,40,45,40,1196,1273,4,0,4,77
"21400054","NOP","Anthony Davis, Austin Rivers, Eric Gordon, Jrue Holiday, Omer Asik",11,44,47,48,47,1369,1418,4,0,4,49
"21400054","CHA","Al Jefferson, Cody Zeller, Gary Neal, Gerald Henderson, Kemba Walker",12,45,40,47,44,1273,1353,2,4,-2,80
"21400054","NOP","Anthony Davis, Austin Rivers, Eric Gordon, Jrue Holiday, Ryan Anderson",12,48,47,48,47,1418,1440,0,0,0,22
"21400054","CHA","Al Jefferson, Brian Roberts, Cody Zeller, Gary Neal, Gerald Henderson",13,47,44,47,44,1353,1353,0,0,0,0
"21400054","NOP","Anthony Davis, Eric Gordon, Jrue Holiday, Omer Asik, Tyreke Evans",13,48,47,54,63,1440,1906,6,16,-10,466
"21400054","CHA","Brian Roberts, Cody Zeller, Gary Neal, Gerald Henderson, Jason Maxiell",14,47,44,47,48,1353,1440,0,4,-4,87
"21400054","NOP","Anthony Davis, Austin Rivers, Jrue Holiday, Omer Asik, Tyreke Evans",14,54,63,56,65,1906,1978,2,2,0,72
"21400054","CHA","Al Jefferson, Gerald Henderson, Kemba Walker, Lance Stephenson, Marvin Williams",15,47,48,58,50,1440,1754,11,2,9,314
"21400054","NOP","Anthony Davis, Austin Rivers, Jrue Holiday, Ryan Anderson, Tyreke Evans",15,56,65,56,67,1978,2019,0,2,-2,41
"21400054","CHA","Al Jefferson, Gary Neal, Gerald Henderson, Kemba Walker, Marvin Williams",16,58,50,63,54,1754,1906,5,4,1,152
"21400054","NOP","Anthony Davis, Austin Rivers, Jimmer Fredette, Jrue Holiday, Ryan Anderson",16,56,67,61,73,2019,2134,5,6,-1,115
"21400054","CHA","Al Jefferson, Cody Zeller, Gary Neal, Gerald Henderson, Kemba Walker",17,63,54,65,56,1906,1978,2,2,0,72
"21400054","NOP","Alexis Ajinca, Austin Rivers, Jimmer Fredette, Jrue Holiday, Ryan Anderson",17,61,73,65,73,2134,2160,4,0,4,26
"21400054","CHA","Cody Zeller, Gary Neal, Gerald Henderson, Jason Maxiell, Kemba Walker",18,65,56,65,56,1978,1978,0,0,0,0
"21400054","NOP","Anthony Davis, Austin Rivers, Eric Gordon, Jimmer Fredette, Ryan Anderson",18,65,73,73,83,2160,2355,8,10,-2,195
"21400054","CHA","Cody Zeller, Gary Neal, Jason Maxiell, Kemba Walker, PJ Hairston",19,65,56,67,56,1978,2019,2,0,2,41
"21400054","NOP","Austin Rivers, Eric Gordon, Jimmer Fredette, Omer Asik, Ryan Anderson",19,73,83,73,83,2355,2355,0,0,0,0
"21400054","CHA","Brian Roberts, Cody Zeller, Gary Neal, Jason Maxiell, PJ Hairston",20,67,56,83,73,2019,2355,16,17,-1,336
"21400054","NOP","Austin Rivers, Eric Gordon, Omer Asik, Ryan Anderson, Tyreke Evans",20,73,83,75,85,2355,2447,2,2,0,92
"21400054","CHA","Al Jefferson, Brian Roberts, Cody Zeller, Gary Neal, PJ Hairston",21,83,73,83,73,2355,2355,0,0,0,0
"21400054","NOP","Austin Rivers, Jrue Holiday, Omer Asik, Ryan Anderson, Tyreke Evans",21,75,85,82,92,2447,2639,7,7,0,192
"21400054","CHA","Al Jefferson, Brian Roberts, Cody Zeller, Gerald Henderson, PJ Hairston",22,83,73,85,75,2355,2447,2,2,0,92
"21400054","NOP","Anthony Davis, Austin Rivers, Jrue Holiday, Ryan Anderson, Tyreke Evans",22,82,92,91,100,2639,2880,9,8,1,241
"21400054","CHA","Al Jefferson, Brian Roberts, Gerald Henderson, Marvin Williams, PJ Hairston",23,85,75,90,75,2447,2527,5,0,5,80
"21400054","CHA","Al Jefferson, Brian Roberts, Gary Neal, Gerald Henderson, Marvin Williams",24,90,75,90,75,2527,2527,0,0,0,0
"21400054","CHA","Al Jefferson, Gary Neal, Gerald Henderson, Kemba Walker, Marvin Williams",25,90,75,100,91,2527,2880,10,16,-6,353
"21400055","CLE","Anderson Varejao, Dion Waiters, Kevin Love, Kyrie Irving, LeBron James",0,0,0,20,24,0,400,20,24,-4,400
"21400055","POR","Damian Lillard, LaMarcus Aldridge, Nicolas Batum, Robin Lopez, Wesley Matthews",0,0,0,27,27,0,510,27,27,0,510
"21400055","CLE","Anderson Varejao, Kevin Love, Kyrie Irving, LeBron James, Mike Miller",1,20,24,27,27,400,510,7,3,4,110
"21400055","POR","Damian Lillard, LaMarcus Aldridge, Nicolas Batum, Robin Lopez, Steve Blake",1,27,27,27,27,510,510,0,0,0,0
"21400055","CLE","Kevin Love, Kyrie Irving, LeBron James, Mike Miller, Tristan Thompson",2,27,27,29,28,510,608,2,1,1,98
"21400055","POR","Chris Kaman, Damian Lillard, LaMarcus Aldridge, Nicolas Batum, Steve Blake",2,27,27,28,29,510,602,1,2,-1,92
"21400055","CLE","Kevin Love, LeBron James, Matthew Dellavedova, Mike Miller, Tristan Thompson",3,29,28,31,30,608,680,2,2,0,72
"21400055","POR","Chris Kaman, LaMarcus Aldridge, Nicolas Batum, Steve Blake, Will Barton",3,28,29,34,31,602,720,6,2,4,118
"21400055","CLE","Kevin Love, Matthew Dellavedova, Mike Miller, Shawn Marion, Tristan Thompson",4,31,30,31,34,680,720,0,4,-4,40
"21400055","POR","Chris Kaman, Steve Blake, Thomas Robinson, Wesley Matthews, Will Barton",4,34,31,37,37,720,1013,3,6,-3,293
"21400055","CLE","Anderson Varejao, Matthew Dellavedova, Mike Miller, Shawn Marion, Tristan Thompson",5,31,34,31,34,720,777,0,0,0,57
"21400055","POR","Chris Kaman, Damian Lillard, Steve Blake, Thomas Robinson, Wesley Matthews",5,37,37,37,37,1013,1013,0,0,0,0
"21400055","CLE","Anderson Varejao, Dion Waiters, Matthew Dellavedova, Shawn Marion, Tristan Thompson",6,31,34,33,34,777,906,2,0,2,129
"21400055","POR","Damian Lillard, Robin Lopez, Steve Blake, Thomas Robinson, Wesley Matthews",6,37,37,41,39,1013,1077,4,2,2,64
"21400055","CLE","Anderson Varejao, Dion Waiters, Kyrie Irving, Shawn Marion, Tristan Thompson",7,33,34,37,37,906,1013,4,3,1,107
"21400055","POR","Damian Lillard, Nicolas Batum, Robin Lopez, Thomas Robinson, Wesley Matthews",7,41,39,41,39,1077,1077,0,0,0,0
"21400055","CLE","Anderson Varejao, Dion Waiters, Kevin Love, Kyrie Irving, Shawn Marion",8,37,37,37,37,1013,1013,0,0,0,0
"21400055","POR","Damian Lillard, LaMarcus Aldridge, Nicolas Batum, Robin Lopez, Wesley Matthews",8,41,39,50,55,1077,1425,9,16,-7,348
"21400055","CLE","Anderson Varejao, Kevin Love, Kyrie Irving, LeBron James, Shawn Marion",9,37,37,39,44,1013,1094,2,7,-5,81
"21400055","POR","Damian Lillard, Nicolas Batum, Robin Lopez, Steve Blake, Wesley Matthews",9,50,55,50,55,1425,1440,0,0,0,15
"21400055","CLE","Kevin Love, Kyrie Irving, LeBron James, Shawn Marion, Tristan Thompson",10,39,44,50,48,1094,1334,11,4,7,240
"21400055","POR","Damian Lillard, LaMarcus Aldridge, Nicolas Batum, Robin Lopez, Wesley Matthews",10,50,55,57,69,1440,1816,7,14,-7,376
"21400055","CLE","Brendan Haywood, Kyrie Irving, LeBron James, Shawn Marion, Tristan Thompson",11,50,48,53,50,1334,1413,3,2,1,79
"21400055","POR","Damian Lillard, LaMarcus Aldridge, Nicolas Batum, Robin Lopez, Steve Blake",11,57,69,57,69,1816,1816,0,0,0,0
"21400055","CLE","Brendan Haywood, LeBron James, Matthew Dellavedova, Shawn Marion, Tristan Thompson",12,53,50,55,50,1413,1425,2,0,2,12
"21400055","POR","Chris Kaman, Damian Lillard, LaMarcus Aldridge, Nicolas Batum, Steve Blake",12,57,69,68,74,1816,2063,11,5,6,247
"21400055","CLE","Brendan Haywood, Kyrie Irving, LeBron James, Shawn Marion, Tristan Thompson",13,55,50,55,50,1425,1425,0,0,0,0
"21400055","POR","Chris Kaman, Damian Lillard, LaMarcus Aldridge, Steve Blake, Will Barton",13,68,74,68,74,2063,2063,0,0,0,0
"21400055","CLE","Kyrie Irving, LeBron James, Mike Miller, Shawn Marion, Tristan Thompson",14,55,50,55,50,1425,1425,0,0,0,0
"21400055","POR","Chris Kaman, LaMarcus Aldridge, Steve Blake, Wesley Matthews, Will Barton",14,68,74,69,76,2063,2159,1,2,-1,96
"21400055","CLE","Dion Waiters, Kyrie Irving, LeBron James, Mike Miller, Shawn Marion",15,55,50,55,50,1425,1440,0,0,0,15
"21400055","POR","Damian Lillard, LaMarcus Aldridge, Steve Blake, Wesley Matthews, Will Barton",15,69,76,69,76,2159,2160,0,0,0,1
"21400055","CLE","Anderson Varejao, Dion Waiters, Kevin Love, Kyrie Irving, LeBron James",16,55,50,69,57,1440,1791,14,7,7,351
"21400055","POR","Chris Kaman, Steve Blake, Thomas Robinson, Wesley Matthews, Will Barton",16,69,76,69,80,2160,2281,0,4,-4,121
"21400055","CLE","Dion Waiters, Kevin Love, Kyrie Irving, LeBron James, Tristan Thompson",17,69,57,74,66,1791,1954,5,9,-4,163
"21400055","POR","Chris Kaman, Damian Lillard, Steve Blake, Thomas Robinson, Wesley Matthews",17,69,80,71,81,2281,2328,2,1,1,47
"21400055","CLE","Kevin Love, Kyrie Irving, LeBron James, Shawn Marion, Tristan Thompson",18,74,66,74,68,1954,2063,0,2,-2,109
"21400055","POR","Chris Kaman, Damian Lillard, Nicolas Batum, Steve Blake, Thomas Robinson",18,71,81,71,83,2328,2358,0,2,-2,30
"21400055","CLE","Kevin Love, Kyrie Irving, Mike Miller, Shawn Marion, Tristan Thompson",19,74,68,76,69,2063,2118,2,1,1,55
"21400055","POR","Damian Lillard, Nicolas Batum, Robin Lopez, Steve Blake, Thomas Robinson",19,71,83,71,83,2358,2358,0,0,0,0
"21400055","CLE","Kyrie Irving, Matthew Dellavedova, Mike Miller, Shawn Marion, Tristan Thompson",20,76,69,76,69,2118,2160,0,0,0,42
"21400055","POR","Damian Lillard, LaMarcus Aldridge, Nicolas Batum, Robin Lopez, Steve Blake",20,71,83,74,85,2358,2483,3,2,1,125
"21400055","CLE","Dion Waiters, Matthew Dellavedova, Mike Miller, Shawn Marion, Tristan Thompson",21,76,69,80,69,2160,2281,4,0,4,121
"21400055","POR","Damian Lillard, LaMarcus Aldridge, Nicolas Batum, Robin Lopez, Wesley Matthews",21,74,85,78,97,2483,2800,4,12,-8,317
"21400055","CLE","Dion Waiters, Kevin Love, Matthew Dellavedova, Mike Miller, Tristan Thompson",22,80,69,80,69,2281,2281,0,0,0,0
"21400055","POR","CJ McCollum, Damian Lillard, LaMarcus Aldridge, Robin Lopez, Wesley Matthews",22,78,97,78,97,2800,2800,0,0,0,0
"21400055","CLE","Anderson Varejao, Dion Waiters, Kevin Love, Matthew Dellavedova, Mike Miller",23,80,69,81,71,2281,2328,1,2,-1,47
"21400055","POR","CJ McCollum, Damian Lillard, Robin Lopez, Wesley Matthews, Will Barton",23,78,97,78,97,2800,2800,0,0,0,0
"21400055","CLE","Anderson Varejao, Dion Waiters, Kevin Love, LeBron James, Matthew Dellavedova",24,81,71,81,71,2328,2351,0,0,0,23
"21400055","POR","CJ McCollum, Damian Lillard, Meyers Leonard, Wesley Matthews, Will Barton",24,78,97,78,97,2800,2800,0,0,0,0
"21400055","CLE","Anderson Varejao, Dion Waiters, Kevin Love, Kyrie Irving, LeBron James",25,81,71,85,74,2351,2483,4,3,1,132
"21400055","POR","Allen Crabbe, CJ McCollum, Damian Lillard, Meyers Leonard, Will Barton",25,78,97,78,97,2800,2800,0,0,0,0
"21400055","CLE","Anderson Varejao, Kevin Love, Kyrie Irving, LeBron James, Matthew Dellavedova",26,85,74,89,74,2483,2600,4,0,4,117
"21400055","POR","Allen Crabbe, CJ McCollum, Meyers Leonard, Thomas Robinson, Will Barton",26,78,97,82,101,2800,2880,4,4,0,80
"21400055","CLE","Anderson Varejao, Joe Harris, Kevin Love, Kyrie Irving, LeBron James",27,89,74,94,76,2600,2694,5,2,3,94
"21400055","CLE","Anderson Varejao, James Jones, Joe Harris, Kevin Love, Kyrie Irving",28,94,76,94,76,2694,2694,0,0,0,0
"21400055","CLE","Anderson Varejao, James Jones, Joe Harris, Kyrie Irving, Mike Miller",29,94,76,94,76,2694,2694,0,0,0,0
"21400055","CLE","Alex Kirk, James Jones, Joe Harris, Kyrie Irving, Mike Miller",30,94,76,94,78,2694,2718,0,2,-2,24
"21400055","CLE","Alex Kirk, Dion Waiters, James Jones, Joe Harris, Mike Miller",31,94,78,101,82,2718,2880,7,4,3,162
"21400056","LAL","Carlos Boozer, Jeremy Lin, Jordan Hill, Kobe Bryant, Wesley Johnson",0,0,0,11,15,0,447,11,15,-4,447
"21400056","PHX","Eric Bledsoe, Goran Dragic, Marcus Morris Sr., Markieff Morris, Miles Plumlee",0,0,0,9,10,0,347,9,10,-1,347
"21400056","LAL","Carlos Boozer, Ed Davis, Jeremy Lin, Kobe Bryant, Wesley Johnson",1,11,15,17,22,447,560,6,7,-1,113
"21400056","PHX","Goran Dragic, Isaiah Thomas, Marcus Morris Sr., Markieff Morris, Miles Plumlee",1,9,10,9,10,347,372,0,0,0,25
"21400056","LAL","Carlos Boozer, Ed Davis, Jeremy Lin, Kobe Bryant, Ronnie Price",2,17,22,17,22,560,560,0,0,0,0
"21400056","PHX","Alex Len, Goran Dragic, Isaiah Thomas, Marcus Morris Sr., Markieff Morris",2,9,10,15,11,372,447,6,1,5,75
"21400056","LAL","Carlos Boozer, Ed Davis, Kobe Bryant, Ronnie Price, Wayne Ellington",3,17,22,20,24,560,604,3,2,1,44
"21400056","PHX","Alex Len, Goran Dragic, Isaiah Thomas, Markieff Morris, P.J. Tucker",3,15,11,26,24,447,720,11,13,-2,273
"21400056","LAL","Ed Davis, Kobe Bryant, Ronnie Price, Ryan Kelly, Wayne Ellington",4,20,24,24,26,604,720,4,2,2,116
"21400056","PHX","Alex Len, Anthony Tolliver, Gerald Green, Isaiah Thomas, P.J. Tucker",4,26,24,31,30,720,1029,5,6,-1,309
"21400056","LAL","Ed Davis, Jordan Clarkson, Ronnie Price, Ryan Kelly, Wayne Ellington",5,24,26,28,31,720,945,4,5,-1,225
"21400056","PHX","Anthony Tolliver, Gerald Green, Isaiah Thomas, Miles Plumlee, P.J. Tucker",5,31,30,31,30,1029,1029,0,0,0,0
"21400056","LAL","Jordan Clarkson, Kobe Bryant, Ronnie Price, Ryan Kelly, Wayne Ellington",6,28,31,28,31,945,945,0,0,0,0
"21400056","PHX","Anthony Tolliver, Gerald Green, Isaiah Thomas, Marcus Morris Sr., Miles Plumlee",6,31,30,44,36,1029,1234,13,6,7,205
"21400056","LAL","Jordan Clarkson, Kobe Bryant, Ronnie Price, Ryan Kelly, Wesley Johnson",7,28,31,28,31,945,945,0,0,0,0
"21400056","PHX","Gerald Green, Isaiah Thomas, Marcus Morris Sr., Markieff Morris, Miles Plumlee",7,44,36,50,43,1234,1346,6,7,-1,112
"21400056","LAL","Jordan Hill, Kobe Bryant, Ronnie Price, Ryan Kelly, Wesley Johnson",8,28,31,30,31,945,1029,2,0,2,84
"21400056","PHX","Gerald Green, Goran Dragic, Isaiah Thomas, Markieff Morris, Miles Plumlee",8,50,43,58,46,1346,1440,8,3,5,94
"21400056","LAL","Carlos Boozer, Jordan Hill, Kobe Bryant, Ronnie Price, Wesley Johnson",9,30,31,30,31,1029,1040,0,0,0,11
"21400056","PHX","Eric Bledsoe, Goran Dragic, Marcus Morris Sr., Markieff Morris, Miles Plumlee",9,58,46,71,65,1440,1896,13,19,-6,456
"21400056","LAL","Carlos Boozer, Jeremy Lin, Jordan Hill, Kobe Bryant, Wesley Johnson",10,30,31,36,44,1040,1234,6,13,-7,194
"21400056","PHX","Eric Bledsoe, Isaiah Thomas, Marcus Morris Sr., Markieff Morris, Miles Plumlee",10,71,65,71,65,1896,1896,0,0,0,0
"21400056","LAL","Carlos Boozer, Jordan Hill, Kobe Bryant, Ronnie Price, Wesley Johnson",11,36,44,46,58,1234,1440,10,14,-4,206
"21400056","PHX","Alex Len, Eric Bledsoe, Isaiah Thomas, Marcus Morris Sr., Markieff Morris",11,71,65,75,69,1896,1978,4,4,0,82
"21400056","LAL","Carlos Boozer, Jeremy Lin, Jordan Hill, Kobe Bryant, Wesley Johnson",12,46,58,65,71,1440,1847,19,13,6,407
"21400056","PHX","Alex Len, Eric Bledsoe, Isaiah Thomas, Marcus Morris Sr., P.J. Tucker",12,75,69,75,69,1978,2039,0,0,0,61
"21400056","LAL","Carlos Boozer, Ed Davis, Jeremy Lin, Kobe Bryant, Wesley Johnson",13,65,71,69,75,1847,1978,4,4,0,131
"21400056","PHX","Alex Len, Gerald Green, Isaiah Thomas, Marcus Morris Sr., P.J. Tucker",13,75,69,89,81,2039,2381,14,12,2,342
"21400056","LAL","Carlos Boozer, Ed Davis, Kobe Bryant, Ronnie Price, Wesley Johnson",14,69,75,69,75,1978,1978,0,0,0,0
"21400056","PHX","Alex Len, Gerald Green, Goran Dragic, Isaiah Thomas, P.J. Tucker",14,89,81,91,88,2381,2458,2,7,-5,77
"21400056","LAL","Carlos Boozer, Ed Davis, Kobe Bryant, Ronnie Price, Wayne Ellington",15,69,75,75,79,1978,2148,6,4,2,170
"21400056","PHX","Gerald Green, Goran Dragic, Isaiah Thomas, Markieff Morris, P.J. Tucker",15,91,88,95,91,2458,2540,4,3,1,82
"21400056","LAL","Ed Davis, Kobe Bryant, Ronnie Price, Wayne Ellington, Wesley Johnson",16,75,79,75,79,2148,2160,0,0,0,12
"21400056","PHX","Gerald Green, Goran Dragic, Marcus Morris Sr., Markieff Morris, P.J. Tucker",16,95,91,95,91,2540,2540,0,0,0,0
"21400056","LAL","Ed Davis, Jordan Hill, Kobe Bryant, Ronnie Price, Wayne Ellington",17,75,79,88,91,2160,2458,13,12,1,298
"21400056","PHX","Eric Bledsoe, Gerald Green, Goran Dragic, Marcus Morris Sr., Markieff Morris",17,95,91,102,97,2540,2717,7,6,1,177
"21400056","LAL","Jordan Hill, Kobe Bryant, Ronnie Price, Wayne Ellington, Wesley Johnson",18,88,91,91,95,2458,2540,3,4,-1,82
"21400056","PHX","Eric Bledsoe, Goran Dragic, Isaiah Thomas, Marcus Morris Sr., Markieff Morris",18,102,97,108,104,2717,2829,6,7,-1,112
"21400056","LAL","Jeremy Lin, Jordan Hill, Kobe Bryant, Wayne Ellington, Wesley Johnson",19,91,95,106,112,2540,2880,15,17,-2,340
"21400056","PHX","Eric Bledsoe, Goran Dragic, Marcus Morris Sr., Markieff Morris, P.J. Tucker",19,108,104,111,106,2829,2865,3,2,1,36
"21400056","PHX","Eric Bledsoe, Goran Dragic, Isaiah Thomas, Marcus Morris Sr., Markieff Morris",20,111,106,112,106,2865,2867,1,0,1,2
"21400056","PHX","Eric Bledsoe, Goran Dragic, Marcus Morris Sr., Markieff Morris, P.J. Tucker",21,112,106,112,106,2867,2880,0,0,0,13
"21400057","CHA","Al Jefferson, Gerald Henderson, Kemba Walker, Lance Stephenson, Marvin Williams",0,0,0,10,8,0,361,10,8,2,361
"21400057","MIA","Chris Bosh, Dwyane Wade, Luol Deng, Norris Cole, Shawne Williams",0,0,0,6,8,0,307,6,8,-2,307
"21400057","CHA","Al Jefferson, Kemba Walker, Lance Stephenson, Marvin Williams, PJ Hairston",1,10,8,11,9,361,410,1,1,0,49
"21400057","MIA","Dwyane Wade, Justin Hamilton, Luol Deng, Norris Cole, Shawne Williams",1,6,8,9,13,307,468,3,5,-2,161
"21400057","CHA","Al Jefferson, Cody Zeller, Kemba Walker, Lance Stephenson, PJ Hairston",2,11,9,13,9,410,468,2,0,2,58
"21400057","MIA","Justin Hamilton, Luol Deng, Mario Chalmers, Norris Cole, Shawne Williams",2,9,13,11,13,468,512,2,0,2,44
"21400057","CHA","Al Jefferson, Cody Zeller, Gary Neal, Kemba Walker, PJ Hairston",3,13,9,13,9,468,468,0,0,0,0
"21400057","MIA","Chris Bosh, Justin Hamilton, Luol Deng, Mario Chalmers, Norris Cole",3,11,13,13,18,512,562,2,5,-3,50
"21400057","CHA","Cody Zeller, Gary Neal, Jason Maxiell, Kemba Walker, PJ Hairston",4,13,9,24,17,468,720,11,8,3,252
"21400057","MIA","Chris Bosh, James Ennis III, Justin Hamilton, Mario Chalmers, Norris Cole",4,13,18,17,24,562,720,4,6,-2,158
"21400057","CHA","Brian Roberts, Cody Zeller, Gary Neal, Jason Maxiell, Lance Stephenson",5,24,17,26,17,720,816,2,0,2,96
"21400057","MIA","Chris Bosh, James Ennis III, Josh McRoberts, Mario Chalmers, Shabazz Napier",5,17,24,23,27,720,923,6,3,3,203
"21400057","CHA","Brian Roberts, Gary Neal, Jason Maxiell, Lance Stephenson, Marvin Williams",6,26,17,29,29,816,1053,3,12,-9,237
"21400057","MIA","Chris Bosh, Dwyane Wade, Josh McRoberts, Mario Chalmers, Shabazz Napier",6,23,27,29,29,923,1053,6,2,4,130
"21400057","CHA","Al Jefferson, Brian Roberts, Gary Neal, Lance Stephenson, Marvin Williams",7,29,29,29,29,1053,1053,0,0,0,0
"21400057","MIA","Chris Bosh, Dwyane Wade, Mario Chalmers, Shabazz Napier, Shawne Williams",7,29,29,31,33,1053,1099,2,4,-2,46
"21400057","CHA","Al Jefferson, Brian Roberts, Gerald Henderson, Lance Stephenson, Marvin Williams",8,29,29,35,35,1053,1158,6,6,0,105
"21400057","MIA","Dwyane Wade, Justin Hamilton, Mario Chalmers, Shabazz Napier, Shawne Williams",8,31,33,35,40,1099,1224,4,7,-3,125
"21400057","CHA","Al Jefferson, Gerald Henderson, Kemba Walker, Lance Stephenson, Marvin Williams",9,35,35,40,35,1158,1224,5,0,5,66
"21400057","MIA","Dwyane Wade, Justin Hamilton, Luol Deng, Shabazz Napier, Shawne Williams",9,35,40,42,42,1224,1323,7,2,5,99
"21400057","CHA","Al Jefferson, Cody Zeller, Gerald Henderson, Kemba Walker, Lance Stephenson",10,40,35,40,35,1224,1224,0,0,0,0
"21400057","MIA","Chris Bosh, Dwyane Wade, Luol Deng, Shabazz Napier, Shawne Williams",10,42,42,44,46,1323,1438,2,4,-2,115
"21400057","CHA","Al Jefferson, Cody Zeller, Gary Neal, Gerald Henderson, Kemba Walker",11,40,35,42,42,1224,1323,2,7,-5,99
"21400057","MIA","Chris Bosh, Dwyane Wade, Josh McRoberts, Luol Deng, Shabazz Napier",11,44,46,44,46,1438,1440,0,0,0,2
"21400057","CHA","Al Jefferson, Cody Zeller, Gerald Henderson, Kemba Walker, PJ Hairston",12,42,42,46,44,1323,1438,4,2,2,115
"21400057","MIA","Chris Bosh, Dwyane Wade, Luol Deng, Norris Cole, Shawne Williams",12,44,46,55,54,1440,1716,11,8,3,276
"21400057","CHA","Cody Zeller, Gerald Henderson, Jason Maxiell, Kemba Walker, PJ Hairston",13,46,44,46,44,1438,1440,0,0,0,2
"21400057","MIA","Chris Bosh, Dwyane Wade, Justin Hamilton, Norris Cole, Shawne Williams",13,55,54,55,54,1716,1716,0,0,0,0
"21400057","CHA","Al Jefferson, Gerald Henderson, Kemba Walker, Lance Stephenson, Marvin Williams",14,46,44,56,57,1440,1788,10,13,-3,348
"21400057","MIA","Dwyane Wade, Justin Hamilton, Mario Chalmers, Norris Cole, Shawne Williams",14,55,54,59,62,1716,1912,4,8,-4,196
"21400057","CHA","Al Jefferson, Kemba Walker, Lance Stephenson, Marvin Williams, PJ Hairston",15,56,57,60,59,1788,1859,4,2,2,71
"21400057","MIA","Dwyane Wade, Justin Hamilton, Luol Deng, Mario Chalmers, Norris Cole",15,59,62,59,62,1912,1912,0,0,0,0
"21400057","CHA","Al Jefferson, Cody Zeller, Kemba Walker, Lance Stephenson, PJ Hairston",16,60,59,62,59,1859,1944,2,0,2,85
"21400057","MIA","Chris Bosh, Justin Hamilton, Luol Deng, Mario Chalmers, Norris Cole",16,59,62,60,68,1912,2041,1,6,-5,129
"21400057","CHA","Cody Zeller, Jason Maxiell, Kemba Walker, Lance Stephenson, PJ Hairston",17,62,59,68,60,1944,2041,6,1,5,97
"21400057","MIA","Chris Bosh, Justin Hamilton, Luol Deng, Mario Chalmers, Shabazz Napier",17,60,68,62,72,2041,2160,2,4,-2,119
"21400057","CHA","Brian Roberts, Cody Zeller, Jason Maxiell, Kemba Walker, PJ Hairston",18,68,60,68,60,2041,2041,0,0,0,0
"21400057","MIA","Chris Bosh, Josh McRoberts, Luol Deng, Mario Chalmers, Shabazz Napier",18,62,72,64,79,2160,2289,2,7,-5,129
"21400057","CHA","Brian Roberts, Cody Zeller, Gary Neal, Jason Maxiell, PJ Hairston",19,68,60,79,64,2041,2289,11,4,7,248
"21400057","MIA","Chris Bosh, Dwyane Wade, Luol Deng, Mario Chalmers, Shabazz Napier",19,64,79,73,81,2289,2464,9,2,7,175
"21400057","CHA","Brian Roberts, Cody Zeller, Gary Neal, Jason Maxiell, Lance Stephenson",20,79,64,79,66,2289,2318,0,2,-2,29
"21400057","MIA","Chris Bosh, Dwyane Wade, Mario Chalmers, Shabazz Napier, Shawne Williams",20,73,81,77,88,2464,2625,4,7,-3,161
"21400057","CHA","Al Jefferson, Brian Roberts, Cody Zeller, Gary Neal, Lance Stephenson",21,79,66,79,66,2318,2318,0,0,0,0
"21400057","MIA","Chris Bosh, Luol Deng, Mario Chalmers, Shabazz Napier, Shawne Williams",21,77,88,83,88,2625,2681,6,0,6,56
"21400057","CHA","Al Jefferson, Brian Roberts, Gary Neal, Lance Stephenson, Marvin Williams",22,79,66,81,71,2318,2429,2,5,-3,111
"21400057","MIA","Chris Bosh, Dwyane Wade, Mario Chalmers, Shabazz Napier, Shawne Williams",22,83,88,89,96,2681,2880,6,8,-2,199
"21400057","CHA","Al Jefferson, Gary Neal, Kemba Walker, Lance Stephenson, Marvin Williams",23,81,71,93,87,2429,2859,12,16,-4,430
"21400057","CHA","Al Jefferson, Gerald Henderson, Kemba Walker, Lance Stephenson, Marvin Williams",24,93,87,93,87,2859,2859,0,0,0,0
"21400057","CHA","Cody Zeller, Gerald Henderson, Kemba Walker, Lance Stephenson, Marvin Williams",25,93,87,93,87,2859,2865,0,0,0,6
"21400057","CHA","Cody Zeller, Gary Neal, Kemba Walker, Lance Stephenson, Marvin Williams",26,93,87,96,89,2865,2880,3,2,1,15
"21400058","ORL","Channing Frye, Elfrid Payton, Evan Fournier, Nikola Vucevic, Tobias Harris",0,0,0,12,17,0,347,12,17,-5,347
"21400058","PHI","Brandon Davies, Hollis Thompson, Luc Mbah a Moute, Nerlens Noel, Tony Wroten",0,0,0,8,11,0,201,8,11,-3,201
"21400058","ORL","Aaron Gordon, Elfrid Payton, Evan Fournier, Nikola Vucevic, Tobias Harris",1,12,17,15,19,347,415,3,2,1,68
"21400058","PHI","Brandon Davies, Henry Sims, Hollis Thompson, Luc Mbah a Moute, Tony Wroten",1,8,11,13,11,201,249,5,0,5,48
"21400058","ORL","Aaron Gordon, Evan Fournier, Luke Ridnour, Nikola Vucevic, Tobias Harris",2,15,19,18,19,415,441,3,0,3,26
"21400058","PHI","Brandon Davies, Hollis Thompson, Luc Mbah a Moute, Nerlens Noel, Tony Wroten",2,13,11,17,11,249,296,4,0,4,47
"21400058","ORL","Aaron Gordon, Ben Gordon, Luke Ridnour, Nikola Vucevic, Tobias Harris",3,18,19,21,21,441,495,3,2,1,54
"21400058","PHI","Brandon Davies, Hollis Thompson, KJ McDaniels, Nerlens Noel, Tony Wroten",3,17,11,17,12,296,347,0,1,-1,51
"21400058","ORL","Aaron Gordon, Ben Gordon, Channing Frye, Luke Ridnour, Tobias Harris",4,21,21,23,23,495,577,2,2,0,82
"21400058","PHI","Henry Sims, Hollis Thompson, KJ McDaniels, Nerlens Noel, Tony Wroten",4,17,12,19,15,347,434,2,3,-1,87
"21400058","ORL","Aaron Gordon, Ben Gordon, Channing Frye, Dewayne Dedmon, Luke Ridnour",5,23,23,30,29,577,796,7,6,1,219
"21400058","PHI","Chris Johnson, Henry Sims, KJ McDaniels, Nerlens Noel, Tony Wroten",5,19,15,19,18,434,441,0,3,-3,7
"21400058","ORL","Ben Gordon, Channing Frye, Dewayne Dedmon, Luke Ridnour, Maurice Harkless",6,30,29,30,33,796,853,0,4,-4,57
"21400058","PHI","Chris Johnson, Henry Sims, KJ McDaniels, Malcolm Thomas, Tony Wroten",6,19,18,21,21,441,495,2,3,-1,54
"21400058","ORL","Ben Gordon, Channing Frye, Luke Ridnour, Maurice Harkless, Nikola Vucevic",7,30,33,34,33,853,916,4,0,4,63
"21400058","PHI","Alexey Shved, Chris Johnson, Henry Sims, KJ McDaniels, Malcolm Thomas",7,21,21,21,21,495,529,0,0,0,34
"21400058","ORL","Ben Gordon, Channing Frye, Evan Fournier, Maurice Harkless, Nikola Vucevic",8,34,33,34,33,916,916,0,0,0,0
"21400058","PHI","Alexey Shved, Chris Johnson, JaKarr Sampson, KJ McDaniels, Malcolm Thomas",8,21,21,26,28,529,720,5,7,-2,191
"21400058","ORL","Ben Gordon, Elfrid Payton, Evan Fournier, Maurice Harkless, Nikola Vucevic",9,34,33,34,33,916,916,0,0,0,0
"21400058","PHI","Alexey Shved, Brandon Davies, Chris Johnson, KJ McDaniels, Nerlens Noel",9,26,28,33,30,720,853,7,2,5,133
"21400058","ORL","Elfrid Payton, Evan Fournier, Maurice Harkless, Nikola Vucevic, Tobias Harris",10,34,33,42,41,916,1120,8,8,0,204
"21400058","PHI","Alexey Shved, Brandon Davies, Hollis Thompson, KJ McDaniels, Nerlens Noel",10,33,30,35,34,853,951,2,4,-2,98
"21400058","ORL","Evan Fournier, Luke Ridnour, Maurice Harkless, Nikola Vucevic, Tobias Harris",11,42,41,47,43,1120,1187,5,2,3,67
"21400058","PHI","Brandon Davies, Hollis Thompson, KJ McDaniels, Nerlens Noel, Tony Wroten",11,35,34,41,42,951,1083,6,8,-2,132
"21400058","ORL","Channing Frye, Evan Fournier, Luke Ridnour, Nikola Vucevic, Tobias Harris",12,47,43,52,52,1187,1440,5,9,-4,253
"21400058","PHI","Brandon Davies, Henry Sims, Hollis Thompson, KJ McDaniels, Tony Wroten",12,41,42,41,42,1083,1120,0,0,0,37
"21400058","ORL","Channing Frye, Elfrid Payton, Evan Fournier, Nikola Vucevic, Tobias Harris",13,52,52,70,64,1440,1864,18,12,6,424
"21400058","PHI","Alexey Shved, Brandon Davies, Henry Sims, Hollis Thompson, Tony Wroten",13,41,42,43,47,1120,1187,2,5,-3,67
"21400058","ORL","Elfrid Payton, Evan Fournier, Maurice Harkless, Nikola Vucevic, Tobias Harris",14,70,64,70,66,1864,1886,0,2,-2,22
"21400058","PHI","Alexey Shved, Henry Sims, Hollis Thompson, Luc Mbah a Moute, Tony Wroten",14,43,47,50,47,1187,1294,7,0,7,107
"21400058","ORL","Ben Gordon, Elfrid Payton, Maurice Harkless, Nikola Vucevic, Tobias Harris",15,70,66,73,75,1886,2093,3,9,-6,207
"21400058","PHI","Chris Johnson, Henry Sims, Hollis Thompson, Luc Mbah a Moute, Tony Wroten",15,50,47,52,52,1294,1399,2,5,-3,105
"21400058","ORL","Ben Gordon, Dewayne Dedmon, Elfrid Payton, Maurice Harkless, Tobias Harris",16,73,75,75,75,2093,2160,2,0,2,67
"21400058","PHI","Chris Johnson, Hollis Thompson, Luc Mbah a Moute, Nerlens Noel, Tony Wroten",16,52,52,52,52,1399,1399,0,0,0,0
"21400058","ORL","Ben Gordon, Channing Frye, Dewayne Dedmon, Luke Ridnour, Maurice Harkless",17,75,75,77,83,2160,2441,2,8,-6,281
"21400058","PHI","Hollis Thompson, KJ McDaniels, Luc Mbah a Moute, Nerlens Noel, Tony Wroten",17,52,52,52,52,1399,1440,0,0,0,41
"21400058","ORL","Ben Gordon, Channing Frye, Luke Ridnour, Maurice Harkless, Nikola Vucevic",18,77,83,81,85,2441,2515,4,2,2,74
"21400058","PHI","Brandon Davies, Hollis Thompson, Luc Mbah a Moute, Nerlens Noel, Tony Wroten",18,52,52,57,62,1440,1664,5,10,-5,224
"21400058","ORL","Ben Gordon, Channing Frye, Elfrid Payton, Maurice Harkless, Nikola Vucevic",19,81,85,81,85,2515,2515,0,0,0,0
"21400058","PHI","Brandon Davies, Henry Sims, Hollis Thompson, Luc Mbah a Moute, Tony Wroten",19,57,62,61,64,1664,1740,4,2,2,76
"21400058","ORL","Ben Gordon, Channing Frye, Elfrid Payton, Nikola Vucevic, Tobias Harris",20,81,85,81,85,2515,2638,0,0,0,123
"21400058","PHI","Brandon Davies, Henry Sims, Hollis Thompson, KJ McDaniels, Tony Wroten",20,61,64,64,70,1740,1864,3,6,-3,124
"21400058","ORL","Channing Frye, Elfrid Payton, Evan Fournier, Nikola Vucevic, Tobias Harris",21,81,85,89,91,2638,2880,8,6,2,242
"21400058","PHI","Henry Sims, Hollis Thompson, KJ McDaniels, Luc Mbah a Moute, Tony Wroten",21,64,70,69,71,1864,1922,5,1,4,58
"21400058","PHI","Alexey Shved, Henry Sims, KJ McDaniels, Luc Mbah a Moute, Tony Wroten",22,69,71,73,73,1922,2090,4,2,2,168
"21400058","PHI","Alexey Shved, Henry Sims, JaKarr Sampson, KJ McDaniels, Tony Wroten",23,73,73,73,73,2090,2090,0,0,0,0
"21400058","PHI","Alexey Shved, Henry Sims, JaKarr Sampson, KJ McDaniels, Malcolm Thomas",24,73,73,73,73,2090,2090,0,0,0,0
"21400058","PHI","Alexey Shved, Chris Johnson, JaKarr Sampson, KJ McDaniels, Malcolm Thomas",25,73,73,75,75,2090,2160,2,2,0,70
"21400058","PHI","Alexey Shved, Brandon Davies, Chris Johnson, KJ McDaniels, Malcolm Thomas",26,75,75,79,77,2160,2327,4,2,2,167
"21400058","PHI","Alexey Shved, Brandon Davies, Hollis Thompson, KJ McDaniels, Malcolm Thomas",27,79,77,83,77,2327,2413,4,0,4,86
"21400058","PHI","Alexey Shved, Hollis Thompson, KJ McDaniels, Malcolm Thomas, Tony Wroten",28,83,77,83,77,2413,2413,0,0,0,0
"21400058","PHI","Alexey Shved, Hollis Thompson, KJ McDaniels, Luc Mbah a Moute, Tony Wroten",29,83,77,83,77,2413,2413,0,0,0,0
"21400058","PHI","Henry Sims, Hollis Thompson, KJ McDaniels, Luc Mbah a Moute, Tony Wroten",30,83,77,85,81,2413,2614,2,4,-2,201
"21400058","PHI","Brandon Davies, Henry Sims, Hollis Thompson, Luc Mbah a Moute, Tony Wroten",31,85,81,91,89,2614,2880,6,8,-2,266
"21400059","BOS","Avery Bradley, Jared Sullinger, Jeff Green, Kelly Olynyk, Rajon Rondo",0,0,0,17,7,0,309,17,7,10,309
"21400059","TOR","DeMar DeRozan, Kyle Lowry, Patrick Patterson, Terrence Ross, Tyler Hansbrough",0,0,0,9,21,0,363,9,21,-12,363
"21400059","BOS","Jared Sullinger, Jeff Green, Kelly Olynyk, Marcus Smart, Rajon Rondo",1,17,7,21,9,309,363,4,2,2,54
"21400059","TOR","DeMar DeRozan, Kyle Lowry, Lou Williams, Patrick Patterson, Tyler Hansbrough",1,9,21,11,25,363,443,2,4,-2,80
"21400059","BOS","Brandon Bass, Jared Sullinger, Jeff Green, Marcus Smart, Rajon Rondo",2,21,9,25,11,363,443,4,2,2,80
"21400059","TOR","DeMar DeRozan, James Johnson, Kyle Lowry, Lou Williams, Tyler Hansbrough",2,11,25,14,27,443,497,3,2,1,54
"21400059","BOS","Brandon Bass, Evan Turner, Jared Sullinger, Jeff Green, Marcus Smart",3,25,11,27,14,443,497,2,3,-1,54
"21400059","TOR","DeMar DeRozan, Greg Stiemsma, James Johnson, Kyle Lowry, Lou Williams",3,14,27,17,27,497,530,3,0,3,33
"21400059","BOS","Brandon Bass, Evan Turner, Jeff Green, Marcus Smart, Tyler Zeller",4,27,14,27,19,497,567,0,5,-5,70
"21400059","TOR","Greg Stiemsma, James Johnson, Kyle Lowry, Lou Williams, Terrence Ross",4,17,27,19,32,530,633,2,5,-3,103
"21400059","BOS","Brandon Bass, Evan Turner, Jeff Green, Kelly Olynyk, Marcus Smart",5,27,19,27,19,567,567,0,0,0,0
"21400059","TOR","Greg Stiemsma, Greivis Vasquez, James Johnson, Lou Williams, Terrence Ross",5,19,32,31,42,633,930,12,10,2,297
"21400059","BOS","Brandon Bass, Evan Turner, Kelly Olynyk, Marcus Smart, Marcus Thornton",6,27,19,35,23,567,720,8,4,4,153
"21400059","TOR","DeMar DeRozan, Greg Stiemsma, Greivis Vasquez, James Johnson, Lou Williams",6,31,42,31,42,930,930,0,0,0,0
"21400059","BOS","Evan Turner, Jared Sullinger, Kelly Olynyk, Marcus Thornton, Rajon Rondo",7,35,23,37,25,720,796,2,2,0,76
"21400059","TOR","DeMar DeRozan, Greivis Vasquez, James Johnson, Lou Williams, Tyler Hansbrough",7,31,42,31,44,930,973,0,2,-2,43
"21400059","BOS","Avery Bradley, Jared Sullinger, Kelly Olynyk, Marcus Thornton, Rajon Rondo",8,37,25,44,31,796,973,7,6,1,177
"21400059","TOR","DeMar DeRozan, Greivis Vasquez, Lou Williams, Patrick Patterson, Tyler Hansbrough",8,31,44,34,50,973,1076,3,6,-3,103
"21400059","BOS","Avery Bradley, Jared Sullinger, Jeff Green, Marcus Thornton, Rajon Rondo",9,44,31,50,34,973,1076,6,3,3,103
"21400059","TOR","DeMar DeRozan, Greivis Vasquez, Kyle Lowry, Patrick Patterson, Tyler Hansbrough",9,34,50,38,50,1076,1228,4,0,4,152
"21400059","BOS","Avery Bradley, Jared Sullinger, Jeff Green, Marcus Smart, Rajon Rondo",10,50,34,50,34,1076,1104,0,0,0,28
"21400059","TOR","DeMar DeRozan, Kyle Lowry, Patrick Patterson, Terrence Ross, Tyler Hansbrough",10,38,50,52,54,1228,1421,14,4,10,193
"21400059","BOS","Avery Bradley, Jeff Green, Kelly Olynyk, Marcus Smart, Rajon Rondo",11,50,34,50,34,1104,1104,0,0,0,0
"21400059","TOR","Greivis Vasquez, Kyle Lowry, Patrick Patterson, Terrence Ross, Tyler Hansbrough",11,52,54,54,57,1421,1440,2,3,-1,19
"21400059","BOS","Avery Bradley, Brandon Bass, Jeff Green, Kelly Olynyk, Marcus Smart",12,50,34,50,34,1104,1111,0,0,0,7
"21400059","TOR","DeMar DeRozan, Kyle Lowry, Patrick Patterson, Terrence Ross, Tyler Hansbrough",12,54,57,66,69,1440,1774,12,12,0,334
"21400059","BOS","Brandon Bass, Jeff Green, Kelly Olynyk, Marcus Smart, Marcus Thornton",13,50,34,50,38,1111,1228,0,4,-4,117
"21400059","TOR","DeMar DeRozan, Greg Stiemsma, Kyle Lowry, Patrick Patterson, Terrence Ross",13,66,69,73,76,1774,1919,7,7,0,145
"21400059","BOS","Brandon Bass, Jeff Green, Kelly Olynyk, Marcus Thornton, Rajon Rondo",14,50,38,50,44,1228,1293,0,6,-6,65
"21400059","TOR","DeMar DeRozan, Greg Stiemsma, James Johnson, Kyle Lowry, Terrence Ross",14,73,76,73,76,1919,1919,0,0,0,0
"21400059","BOS","Brandon Bass, Evan Turner, Jeff Green, Kelly Olynyk, Rajon Rondo",15,50,44,50,44,1293,1293,0,0,0,0
"21400059","TOR","DeMar DeRozan, Greg Stiemsma, James Johnson, Kyle Lowry, Lou Williams",15,73,76,80,84,1919,2082,7,8,-1,163
"21400059","BOS","Evan Turner, Jared Sullinger, Jeff Green, Kelly Olynyk, Rajon Rondo",16,50,44,57,54,1293,1440,7,10,-3,147
"21400059","TOR","Greg Stiemsma, Greivis Vasquez, James Johnson, Kyle Lowry, Lou Williams",16,80,84,80,84,2082,2082,0,0,0,0
"21400059","BOS","Avery Bradley, Jared Sullinger, Jeff Green, Kelly Olynyk, Rajon Rondo",17,57,54,66,63,1440,1666,9,9,0,226
"21400059","TOR","Chuck Hayes, Greivis Vasquez, James Johnson, Kyle Lowry, Lou Williams",17,80,84,88,86,2082,2160,8,2,6,78
"21400059","BOS","Avery Bradley, Jared Sullinger, Jeff Green, Rajon Rondo, Tyler Zeller",18,66,63,76,73,1666,1919,10,10,0,253
"21400059","TOR","Chuck Hayes, DeMar DeRozan, Greivis Vasquez, James Johnson, Lou Williams",18,88,86,96,92,2160,2467,8,6,2,307
"21400059","BOS","Avery Bradley, Jeff Green, Marcus Smart, Rajon Rondo, Tyler Zeller",19,76,73,76,73,1919,1919,0,0,0,0
"21400059","TOR","Chuck Hayes, DeMar DeRozan, Greivis Vasquez, James Johnson, Kyle Lowry",19,96,92,100,94,2467,2667,4,2,2,200
"21400059","BOS","Evan Turner, Jeff Green, Marcus Smart, Rajon Rondo, Tyler Zeller",20,76,73,76,73,1919,1919,0,0,0,0
"21400059","TOR","Chuck Hayes, DeMar DeRozan, Greivis Vasquez, Kyle Lowry, Lou Williams",20,100,94,100,94,2667,2667,0,0,0,0
"21400059","BOS","Brandon Bass, Evan Turner, Marcus Smart, Rajon Rondo, Tyler Zeller",21,76,73,76,75,1919,1936,0,2,-2,17
"21400059","TOR","Chuck Hayes, DeMar DeRozan, Kyle Lowry, Lou Williams, Patrick Patterson",21,100,94,105,105,2667,2810,5,11,-6,143
"21400059","BOS","Brandon Bass, Evan Turner, Kelly Olynyk, Marcus Smart, Rajon Rondo",22,76,75,79,77,1936,2020,3,2,1,84
"21400059","TOR","DeMar DeRozan, Kyle Lowry, Lou Williams, Patrick Patterson, Tyler Hansbrough",22,105,105,108,105,2810,2847,3,0,3,37
"21400059","BOS","Brandon Bass, Evan Turner, Kelly Olynyk, Marcus Smart, Marcus Thornton",23,79,77,84,80,2020,2082,5,3,2,62
"21400059","TOR","DeMar DeRozan, James Johnson, Kyle Lowry, Patrick Patterson, Tyler Hansbrough",23,108,105,110,107,2847,2880,2,2,0,33
"21400059","BOS","Avery Bradley, Brandon Bass, Evan Turner, Kelly Olynyk, Marcus Thornton",24,84,80,86,82,2082,2106,2,2,0,24
"21400059","BOS","Avery Bradley, Brandon Bass, Evan Turner, Jared Sullinger, Marcus Thornton",25,86,82,86,88,2106,2160,0,6,-6,54
"21400059","BOS","Avery Bradley, Jared Sullinger, Kelly Olynyk, Marcus Smart, Marcus Thornton",26,86,88,86,90,2160,2232,0,2,-2,72
"21400059","BOS","Avery Bradley, Jared Sullinger, Jeff Green, Kelly Olynyk, Marcus Smart",27,86,90,86,90,2232,2301,0,0,0,69
"21400059","BOS","Avery Bradley, Jared Sullinger, Jeff Green, Marcus Smart, Rajon Rondo",28,86,90,92,96,2301,2467,6,6,0,166
"21400059","BOS","Avery Bradley, Jared Sullinger, Jeff Green, Kelly Olynyk, Rajon Rondo",29,92,96,94,100,2467,2575,2,4,-2,108
"21400059","BOS","Jared Sullinger, Jeff Green, Kelly Olynyk, Marcus Smart, Rajon Rondo",30,94,100,105,108,2575,2847,11,8,3,272
"21400059","BOS","Avery Bradley, Jared Sullinger, Jeff Green, Kelly Olynyk, Rajon Rondo",31,105,108,107,108,2847,2852,2,0,2,5
"21400059","BOS","Avery Bradley, Jared Sullinger, Jeff Green, Marcus Smart, Rajon Rondo",32,107,108,107,110,2852,2872,0,2,-2,20
"21400059","BOS","Avery Bradley, Jared Sullinger, Jeff Green, Kelly Olynyk, Rajon Rondo",33,107,110,107,110,2872,2880,0,0,0,8
"21400060","BKN","Bojan Bogdanovic, Brook Lopez, Deron Williams, Joe Johnson, Kevin Garnett",0,0,0,6,17,0,448,6,17,-11,448
"21400060","MIN","Andrew Wiggins, Kevin Martin, Nikola Pekovic, Ricky Rubio, Thaddeus Young",0,0,0,21,8,0,521,21,8,13,521
"21400060","BKN","Bojan Bogdanovic, Brook Lopez, Deron Williams, Joe Johnson, Mirza Teletovic",1,6,17,12,21,448,554,6,4,2,106
"21400060","MIN","Andrew Wiggins, Gorgui Dieng, Kevin Martin, Ricky Rubio, Thaddeus Young",1,21,8,21,16,521,642,0,8,-8,121
"21400060","BKN","Bojan Bogdanovic, Brook Lopez, Jarrett Jack, Joe Johnson, Mirza Teletovic",2,12,21,12,21,554,564,0,0,0,10
"21400060","MIN","Andrew Wiggins, Corey Brewer, Gorgui Dieng, Ricky Rubio, Thaddeus Young",2,21,16,21,16,642,650,0,0,0,8
"21400060","BKN","Alan Anderson, Bojan Bogdanovic, Brook Lopez, Jarrett Jack, Mirza Teletovic",3,12,21,19,24,564,683,7,3,4,119
"21400060","MIN","Andrew Wiggins, Corey Brewer, Gorgui Dieng, Mo Williams, Thaddeus Young",3,21,16,24,21,650,720,3,5,-2,70
"21400060","BKN","Alan Anderson, Bojan Bogdanovic, Jarrett Jack, Mason Plumlee, Mirza Teletovic",4,19,24,21,24,683,720,2,0,2,37
"21400060","MIN","Anthony Bennett, Corey Brewer, Gorgui Dieng, Mo Williams, Shabazz Muhammad",4,24,21,31,36,720,1065,7,15,-8,345
"21400060","BKN","Alan Anderson, Jarrett Jack, Joe Johnson, Mason Plumlee, Mirza Teletovic",5,21,24,30,30,720,942,9,6,3,222
"21400060","MIN","Anthony Bennett, Corey Brewer, Gorgui Dieng, Kevin Martin, Mo Williams",5,31,36,31,36,1065,1065,0,0,0,0
"21400060","BKN","Alan Anderson, Deron Williams, Joe Johnson, Mason Plumlee, Mirza Teletovic",6,30,30,30,30,942,942,0,0,0,0
"21400060","MIN","Andrew Wiggins, Anthony Bennett, Gorgui Dieng, Kevin Martin, Mo Williams",6,31,36,34,36,1065,1105,3,0,3,40
"21400060","BKN","Alan Anderson, Deron Williams, Joe Johnson, Kevin Garnett, Mason Plumlee",7,30,30,36,31,942,1088,6,1,5,146
"21400060","MIN","Andrew Wiggins, Anthony Bennett, Gorgui Dieng, Kevin Martin, Ricky Rubio",7,34,36,34,36,1105,1105,0,0,0,0
"21400060","BKN","Alan Anderson, Bojan Bogdanovic, Deron Williams, Kevin Garnett, Mason Plumlee",8,36,31,36,34,1088,1105,0,3,-3,17
"21400060","MIN","Andrew Wiggins, Anthony Bennett, Kevin Martin, Nikola Pekovic, Ricky Rubio",8,34,36,38,40,1105,1203,4,4,0,98
"21400060","BKN","Alan Anderson, Bojan Bogdanovic, Brook Lopez, Deron Williams, Kevin Garnett",9,36,34,45,45,1105,1389,9,11,-2,284
"21400060","MIN","Andrew Wiggins, Kevin Martin, Nikola Pekovic, Ricky Rubio, Thaddeus Young",9,38,40,69,60,1203,1968,31,20,11,765
"21400060","BKN","Alan Anderson, Bojan Bogdanovic, Brook Lopez, Deron Williams, Mirza Teletovic",10,45,45,48,47,1389,1440,3,2,1,51
"21400060","MIN","Andrew Wiggins, Mo Williams, Nikola Pekovic, Ricky Rubio, Thaddeus Young",10,69,60,70,62,1968,2020,1,2,-1,52
"21400060","BKN","Bojan Bogdanovic, Brook Lopez, Deron Williams, Joe Johnson, Kevin Garnett",11,48,47,56,56,1440,1738,8,9,-1,298
"21400060","MIN","Andrew Wiggins, Gorgui Dieng, Mo Williams, Ricky Rubio, Thaddeus Young",11,70,62,70,66,2020,2087,0,4,-4,67
"21400060","BKN","Alan Anderson, Brook Lopez, Deron Williams, Joe Johnson, Kevin Garnett",12,56,56,56,56,1738,1738,0,0,0,0
"21400060","MIN","Corey Brewer, Gorgui Dieng, Mo Williams, Ricky Rubio, Thaddeus Young",12,70,66,72,66,2087,2160,2,0,2,73
"21400060","BKN","Alan Anderson, Brook Lopez, Deron Williams, Joe Johnson, Mirza Teletovic",13,56,56,56,56,1738,1761,0,0,0,23
"21400060","MIN","Anthony Bennett, Corey Brewer, Gorgui Dieng, Kevin Martin, Mo Williams",13,72,66,72,76,2160,2393,0,10,-10,233
"21400060","BKN","Alan Anderson, Brook Lopez, Deron Williams, Jarrett Jack, Mirza Teletovic",14,56,56,60,66,1761,1880,4,10,-6,119
"21400060","MIN","Corey Brewer, Gorgui Dieng, Kevin Martin, Mo Williams, Nikola Pekovic",14,72,76,72,76,2393,2393,0,0,0,0
"21400060","BKN","Alan Anderson, Andrei Kirilenko, Brook Lopez, Deron Williams, Jarrett Jack",15,60,66,60,69,1880,1968,0,3,-3,88
"21400060","MIN","Andrew Wiggins, Gorgui Dieng, Kevin Martin, Mo Williams, Nikola Pekovic",15,72,76,72,76,2393,2393,0,0,0,0
"21400060","BKN","Alan Anderson, Andrei Kirilenko, Deron Williams, Jarrett Jack, Jerome Jordan",16,60,69,62,70,1968,2020,2,1,1,52
"21400060","MIN","Andrew Wiggins, Kevin Martin, Mo Williams, Nikola Pekovic, Thaddeus Young",16,72,76,76,82,2393,2516,4,6,-2,123
"21400060","BKN","Alan Anderson, Andrei Kirilenko, Jarrett Jack, Jerome Jordan, Mirza Teletovic",17,62,70,64,70,2020,2053,2,0,2,33
"21400060","MIN","Andrew Wiggins, Kevin Martin, Nikola Pekovic, Ricky Rubio, Thaddeus Young",17,76,82,98,91,2516,2880,22,9,13,364
"21400060","BKN","Alan Anderson, Andrei Kirilenko, Jarrett Jack, Mason Plumlee, Mirza Teletovic",18,64,70,66,72,2053,2160,2,2,0,107
"21400060","BKN","Alan Anderson, Deron Williams, Jarrett Jack, Mason Plumlee, Mirza Teletovic",19,66,72,70,72,2160,2274,4,0,4,114
"21400060","BKN","Deron Williams, Jarrett Jack, Joe Johnson, Mason Plumlee, Mirza Teletovic",20,70,72,76,72,2274,2393,6,0,6,119
"21400060","BKN","Brook Lopez, Deron Williams, Jarrett Jack, Joe Johnson, Mirza Teletovic",21,76,72,82,76,2393,2516,6,4,2,123
"21400060","BKN","Brook Lopez, Deron Williams, Jarrett Jack, Joe Johnson, Kevin Garnett",22,82,76,89,89,2516,2763,7,13,-6,247
"21400060","BKN","Alan Anderson, Brook Lopez, Deron Williams, Joe Johnson, Kevin Garnett",23,89,89,91,94,2763,2832,2,5,-3,69
"21400060","BKN","Brook Lopez, Deron Williams, Jarrett Jack, Joe Johnson, Kevin Garnett",24,91,94,91,94,2832,2832,0,0,0,0
"21400060","BKN","Brook Lopez, Deron Williams, Jarrett Jack, Joe Johnson, Mirza Teletovic",25,91,94,91,98,2832,2880,0,4,-4,48
"21400061","DET","Andre Drummond, Brandon Jennings, Greg Monroe, Josh Smith, Kentavious Caldwell-Pope",0,0,0,12,14,0,407,12,14,-2,407
"21400061","NYK","Carmelo Anthony, Iman Shumpert, Jason Smith, Samuel Dalembert, Shane Larkin",0,0,0,12,12,0,351,12,12,0,351
"21400061","DET","Brandon Jennings, Caron Butler, Greg Monroe, Josh Smith, Kentavious Caldwell-Pope",1,12,14,19,18,407,519,7,4,3,112
"21400061","NYK","Amar'e Stoudemire, Carmelo Anthony, Iman Shumpert, Jason Smith, Shane Larkin",1,12,12,18,19,351,519,6,7,-1,168
"21400061","DET","Caron Butler, D.J. Augustin, Greg Monroe, Josh Smith, Kentavious Caldwell-Pope",2,19,18,22,20,519,606,3,2,1,87
"21400061","NYK","Amar'e Stoudemire, Carmelo Anthony, Iman Shumpert, Quincy Acy, Shane Larkin",2,18,19,18,19,519,519,0,0,0,0
"21400061","DET","Andre Drummond, Caron Butler, D.J. Augustin, Josh Smith, Kentavious Caldwell-Pope",3,22,20,25,20,606,720,3,0,3,114
"21400061","NYK","Amar'e Stoudemire, Carmelo Anthony, Quincy Acy, Shane Larkin, Tim Hardaway Jr.",3,18,19,18,20,519,540,0,1,-1,21
"21400061","DET","Andre Drummond, Caron Butler, D.J. Augustin, Jonas Jerebko, Kyle Singler",4,25,20,39,26,720,1059,14,6,8,339
"21400061","NYK","Amar'e Stoudemire, Carmelo Anthony, Pablo Prigioni, Quincy Acy, Tim Hardaway Jr.",4,18,20,20,25,540,720,2,5,-3,180
"21400061","DET","Andre Drummond, D.J. Augustin, Jonas Jerebko, Josh Smith, Kyle Singler",5,39,26,39,26,1059,1092,0,0,0,33
"21400061","NYK","Amar'e Stoudemire, Pablo Prigioni, Quincy Acy, Tim Hardaway Jr., Travis Wear",5,20,25,24,29,720,866,4,4,0,146
"21400061","DET","Andre Drummond, D.J. Augustin, Jonas Jerebko, Josh Smith, Kentavious Caldwell-Pope",6,39,26,39,26,1092,1092,0,0,0,0
"21400061","NYK","Pablo Prigioni, Quincy Acy, Samuel Dalembert, Tim Hardaway Jr., Travis Wear",6,24,29,24,32,866,912,0,3,-3,46
"21400061","DET","Andre Drummond, D.J. Augustin, Greg Monroe, Josh Smith, Kentavious Caldwell-Pope",7,39,26,41,30,1092,1263,2,4,-2,171
"21400061","NYK","Pablo Prigioni, Samuel Dalembert, Shane Larkin, Tim Hardaway Jr., Travis Wear",7,24,32,24,32,912,912,0,0,0,0
"21400061","DET","Caron Butler, D.J. Augustin, Greg Monroe, Josh Smith, Kentavious Caldwell-Pope",8,41,30,41,30,1263,1263,0,0,0,0
"21400061","NYK","Carmelo Anthony, Samuel Dalembert, Shane Larkin, Tim Hardaway Jr., Travis Wear",8,24,32,24,32,912,912,0,0,0,0
"21400061","DET","Brandon Jennings, Caron Butler, Greg Monroe, Josh Smith, Kentavious Caldwell-Pope",9,41,30,49,37,1263,1440,8,7,1,177
"21400061","NYK","Carmelo Anthony, Jason Smith, Samuel Dalembert, Shane Larkin, Tim Hardaway Jr.",9,24,32,26,35,912,963,2,3,-1,51
"21400061","DET","Andre Drummond, Brandon Jennings, Greg Monroe, Josh Smith, Kentavious Caldwell-Pope",10,49,37,64,48,1440,1862,15,11,4,422
"21400061","NYK","Amar'e Stoudemire, Carmelo Anthony, Jason Smith, Shane Larkin, Tim Hardaway Jr.",10,26,35,26,35,963,1018,0,0,0,55
"21400061","DET","Brandon Jennings, Caron Butler, Greg Monroe, Josh Smith, Kentavious Caldwell-Pope",11,64,48,67,52,1862,1976,3,4,-1,114
"21400061","NYK","Amar'e Stoudemire, Carmelo Anthony, Iman Shumpert, Jason Smith, Shane Larkin",11,26,35,26,39,1018,1092,0,4,-4,74
"21400061","DET","Brandon Jennings, Caron Butler, Greg Monroe, Josh Smith, Kyle Singler",12,67,52,67,52,1976,1976,0,0,0,0
"21400061","NYK","Carmelo Anthony, Cole Aldrich, Iman Shumpert, Jason Smith, Shane Larkin",12,26,39,37,49,1092,1440,11,10,1,348
"21400061","DET","Brandon Jennings, Caron Butler, Greg Monroe, Jonas Jerebko, Kyle Singler",13,67,52,75,59,1976,2143,8,7,1,167
"21400061","NYK","Carmelo Anthony, Iman Shumpert, Jason Smith, Samuel Dalembert, Shane Larkin",13,37,49,46,60,1440,1776,9,11,-2,336
"21400061","DET","Brandon Jennings, Caron Butler, Joel Anthony, Jonas Jerebko, Kyle Singler",14,75,59,75,59,2143,2143,0,0,0,0
"21400061","NYK","Carmelo Anthony, Iman Shumpert, Jason Smith, Samuel Dalembert, Tim Hardaway Jr.",14,46,60,48,64,1776,1862,2,4,-2,86
"21400061","DET","Caron Butler, D.J. Augustin, Joel Anthony, Jonas Jerebko, Kyle Singler",15,75,59,75,59,2143,2160,0,0,0,17
"21400061","NYK","Amar'e Stoudemire, Carmelo Anthony, Iman Shumpert, Jason Smith, Tim Hardaway Jr.",15,48,64,52,67,1862,1976,4,3,1,114
"21400061","DET","Andre Drummond, Caron Butler, D.J. Augustin, Jonas Jerebko, Kyle Singler",16,75,59,83,69,2160,2405,8,10,-2,245
"21400061","NYK","Amar'e Stoudemire, Carmelo Anthony, Iman Shumpert, Quincy Acy, Tim Hardaway Jr.",16,52,67,59,75,1976,2143,7,8,-1,167
"21400061","DET","Andre Drummond, Caron Butler, D.J. Augustin, Jonas Jerebko, Kentavious Caldwell-Pope",17,83,69,83,69,2405,2405,0,0,0,0
"21400061","NYK","Amar'e Stoudemire, Carmelo Anthony, Quincy Acy, Shane Larkin, Tim Hardaway Jr.",17,59,75,59,75,2143,2160,0,0,0,17
"21400061","DET","Caron Butler, D.J. Augustin, Greg Monroe, Jonas Jerebko, Kentavious Caldwell-Pope",18,83,69,87,71,2405,2499,4,2,2,94
"21400061","NYK","Cleanthony Early, Cole Aldrich, Quincy Acy, Shane Larkin, Tim Hardaway Jr.",18,59,75,67,81,2160,2338,8,6,2,178
"21400061","DET","Caron Butler, D.J. Augustin, Greg Monroe, Josh Smith, Kentavious Caldwell-Pope",19,87,71,95,91,2499,2864,8,20,-12,365
"21400061","NYK","Cleanthony Early, Cole Aldrich, Iman Shumpert, Quincy Acy, Tim Hardaway Jr.",19,67,81,69,83,2338,2405,2,2,0,67
"21400061","DET","Brandon Jennings, Caron Butler, D.J. Augustin, Greg Monroe, Josh Smith",20,95,91,97,91,2864,2865,2,0,2,1
"21400061","NYK","Cleanthony Early, Cole Aldrich, Iman Shumpert, Tim Hardaway Jr., Travis Wear",20,69,83,71,87,2405,2499,2,4,-2,94
"21400061","DET","Brandon Jennings, Caron Butler, Greg Monroe, Josh Smith, Kentavious Caldwell-Pope",21,97,91,97,91,2865,2865,0,0,0,0
"21400061","NYK","Amar'e Stoudemire, Cleanthony Early, Iman Shumpert, Tim Hardaway Jr., Travis Wear",21,71,87,74,87,2499,2530,3,0,3,31
"21400061","DET","Caron Butler, D.J. Augustin, Greg Monroe, Josh Smith, Kentavious Caldwell-Pope",22,97,91,97,95,2865,2878,0,4,-4,13
"21400061","NYK","Amar'e Stoudemire, Cleanthony Early, Iman Shumpert, Shane Larkin, Tim Hardaway Jr.",22,74,87,74,87,2530,2530,0,0,0,0
"21400061","DET","Andre Drummond, Caron Butler, D.J. Augustin, Greg Monroe, Josh Smith",23,97,95,97,95,2878,2879,0,0,0,1
"21400061","NYK","Amar'e Stoudemire, Carmelo Anthony, Iman Shumpert, Shane Larkin, Tim Hardaway Jr.",23,74,87,91,95,2530,2864,17,8,9,334
"21400061","DET","Brandon Jennings, Caron Butler, D.J. Augustin, Greg Monroe, Josh Smith",24,97,95,98,95,2879,2880,1,0,1,1
"21400061","NYK","Carmelo Anthony, Cleanthony Early, Iman Shumpert, Shane Larkin, Tim Hardaway Jr.",24,91,95,91,97,2864,2865,0,2,-2,1
"21400061","DET","Brandon Jennings, Caron Butler, Greg Monroe, Josh Smith, Kentavious Caldwell-Pope",25,98,95,98,95,2880,2880,0,0,0,0
"21400061","NYK","Carmelo Anthony, Cleanthony Early, Iman Shumpert, Samuel Dalembert, Tim Hardaway Jr.",25,91,97,91,97,2865,2865,0,0,0,0
"21400061","NYK","Amar'e Stoudemire, Carmelo Anthony, Iman Shumpert, Samuel Dalembert, Tim Hardaway Jr.",26,91,97,91,97,2865,2865,0,0,0,0
"21400061","NYK","Amar'e Stoudemire, Carmelo Anthony, Iman Shumpert, Shane Larkin, Tim Hardaway Jr.",27,91,97,95,97,2865,2878,4,0,4,13
"21400061","NYK","Amar'e Stoudemire, Carmelo Anthony, Cleanthony Early, Iman Shumpert, Tim Hardaway Jr.",28,95,97,95,97,2878,2879,0,0,0,1
"21400061","NYK","Carmelo Anthony, Cleanthony Early, Iman Shumpert, Tim Hardaway Jr., Travis Wear",29,95,97,95,98,2879,2880,0,1,-1,1
"21400062","CHI","Derrick Rose, Jimmy Butler, Mike Dunleavy, Pau Gasol, Taj Gibson",0,0,0,15,15,0,441,15,15,0,441
"21400062","MIL","Brandon Knight, Ersan Ilyasova, Jabari Parker, Jared Dudley, Larry Sanders",0,0,0,11,8,0,324,11,8,3,324
"21400062","CHI","Derrick Rose, Jimmy Butler, Mike Dunleavy, Nikola Mirotic, Taj Gibson",1,15,15,15,15,441,457,0,0,0,16
"21400062","MIL","Brandon Knight, Ersan Ilyasova, Jabari Parker, Larry Sanders, O.J. Mayo",1,11,8,15,15,324,441,4,7,-3,117
"21400062","CHI","Jimmy Butler, Kirk Hinrich, Mike Dunleavy, Nikola Mirotic, Taj Gibson",2,15,15,19,15,457,496,4,0,4,39
"21400062","MIL","Brandon Knight, Ersan Ilyasova, Jabari Parker, O.J. Mayo, Zaza Pachulia",2,15,15,15,19,441,486,0,4,-4,45
"21400062","CHI","Aaron Brooks, Jimmy Butler, Kirk Hinrich, Nikola Mirotic, Taj Gibson",3,19,15,23,21,496,720,4,6,-2,224
"21400062","MIL","Ersan Ilyasova, Jabari Parker, Khris Middleton, O.J. Mayo, Zaza Pachulia",3,15,19,15,19,486,486,0,0,0,0
"21400062","CHI","Aaron Brooks, Doug McDermott, Kirk Hinrich, Nikola Mirotic, Taj Gibson",4,23,21,30,29,720,933,7,8,-1,213
"21400062","MIL","Ersan Ilyasova, Jerryd Bayless, Khris Middleton, O.J. Mayo, Zaza Pachulia",4,15,19,18,19,486,560,3,0,3,74
"21400062","CHI","Aaron Brooks, Doug McDermott, Kirk Hinrich, Nikola Mirotic, Pau Gasol",5,30,29,30,35,933,1027,0,6,-6,94
"21400062","MIL","Giannis Antetokounmpo, Jerryd Bayless, Khris Middleton, O.J. Mayo, Zaza Pachulia",5,18,19,27,26,560,815,9,7,2,255
"21400062","CHI","Aaron Brooks, Doug McDermott, Kirk Hinrich, Pau Gasol, Taj Gibson",6,30,35,30,35,1027,1027,0,0,0,0
"21400062","MIL","Giannis Antetokounmpo, Jerryd Bayless, John Henson, Khris Middleton, O.J. Mayo",6,27,26,37,34,815,1086,10,8,2,271
"21400062","CHI","Doug McDermott, Jimmy Butler, Kirk Hinrich, Pau Gasol, Taj Gibson",7,30,35,30,35,1027,1027,0,0,0,0
"21400062","MIL","Giannis Antetokounmpo, Jerryd Bayless, Khris Middleton, Larry Sanders, O.J. Mayo",7,37,34,39,37,1086,1114,2,3,-1,28
"21400062","CHI","Derrick Rose, Jimmy Butler, Kirk Hinrich, Pau Gasol, Taj Gibson",8,30,35,37,40,1027,1168,7,5,2,141
"21400062","MIL","Giannis Antetokounmpo, Jabari Parker, Jerryd Bayless, Khris Middleton, Larry Sanders",8,39,37,39,37,1114,1114,0,0,0,0
"21400062","CHI","Derrick Rose, Jimmy Butler, Mike Dunleavy, Pau Gasol, Taj Gibson",9,37,40,66,59,1168,1902,29,19,10,734
"21400062","MIL","Brandon Knight, Giannis Antetokounmpo, Jabari Parker, Khris Middleton, Larry Sanders",9,39,37,40,37,1114,1168,1,0,1,54
"21400062","CHI","Jimmy Butler, Kirk Hinrich, Mike Dunleavy, Pau Gasol, Taj Gibson",10,66,59,67,61,1902,1987,1,2,-1,85
"21400062","MIL","Brandon Knight, Giannis Antetokounmpo, Jabari Parker, Jared Dudley, Larry Sanders",10,40,37,46,39,1168,1275,6,2,4,107
"21400062","CHI","Jimmy Butler, Kirk Hinrich, Mike Dunleavy, Nikola Mirotic, Pau Gasol",11,67,61,72,65,1987,2070,5,4,1,83
"21400062","MIL","Brandon Knight, Ersan Ilyasova, Jabari Parker, Jared Dudley, Larry Sanders",11,46,39,53,53,1275,1561,7,14,-7,286
"21400062","CHI","Aaron Brooks, Jimmy Butler, Kirk Hinrich, Nikola Mirotic, Pau Gasol",12,72,65,72,70,2070,2160,0,5,-5,90
"21400062","MIL","Brandon Knight, Ersan Ilyasova, Jabari Parker, Jared Dudley, John Henson",12,53,53,55,60,1561,1685,2,7,-5,124
"21400062","CHI","Aaron Brooks, Jimmy Butler, Kirk Hinrich, Nikola Mirotic, Taj Gibson",13,72,70,78,76,2160,2340,6,6,0,180
"21400062","MIL","Brandon Knight, Jabari Parker, Jared Dudley, John Henson, Zaza Pachulia",13,55,60,59,66,1685,1902,4,6,-2,217
"21400062","CHI","Derrick Rose, Jimmy Butler, Kirk Hinrich, Nikola Mirotic, Taj Gibson",14,78,76,78,76,2340,2376,0,0,0,36
"21400062","MIL","Brandon Knight, Jabari Parker, John Henson, O.J. Mayo, Zaza Pachulia",14,59,66,59,66,1902,1902,0,0,0,0
"21400062","CHI","Derrick Rose, Doug McDermott, Kirk Hinrich, Nikola Mirotic, Taj Gibson",15,78,76,78,76,2376,2376,0,0,0,0
"21400062","MIL","Brandon Knight, Giannis Antetokounmpo, John Henson, O.J. Mayo, Zaza Pachulia",15,59,66,61,67,1902,1987,2,1,1,85
"21400062","CHI","Derrick Rose, Doug McDermott, Kirk Hinrich, Pau Gasol, Taj Gibson",16,78,76,79,76,2376,2483,1,0,1,107
"21400062","MIL","Brandon Knight, Giannis Antetokounmpo, Khris Middleton, O.J. Mayo, Zaza Pachulia",16,61,67,61,67,1987,1987,0,0,0,0
"21400062","CHI","Derrick Rose, Jimmy Butler, Kirk Hinrich, Pau Gasol, Taj Gibson",17,79,76,92,84,2483,2803,13,8,5,320
"21400062","MIL","Giannis Antetokounmpo, Jerryd Bayless, Khris Middleton, O.J. Mayo, Zaza Pachulia",17,61,67,76,78,1987,2340,15,11,4,353
"21400062","CHI","Derrick Rose, Jimmy Butler, Kirk Hinrich, Taj Gibson, Tony Snell",18,92,84,94,86,2803,2825,2,2,0,22
"21400062","MIL","Brandon Knight, Giannis Antetokounmpo, Jerryd Bayless, Khris Middleton, Zaza Pachulia",18,76,78,76,78,2340,2340,0,0,0,0
"21400062","CHI","Derrick Rose, Jimmy Butler, Kirk Hinrich, Pau Gasol, Taj Gibson",19,94,86,95,86,2825,2880,1,0,1,55
"21400062","MIL","Brandon Knight, Giannis Antetokounmpo, Jerryd Bayless, Khris Middleton, Larry Sanders",19,76,78,76,79,2340,2483,0,1,-1,143
"21400062","MIL","Brandon Knight, Giannis Antetokounmpo, Khris Middleton, Larry Sanders, O.J. Mayo",20,76,79,78,81,2483,2598,2,2,0,115
"21400062","MIL","Brandon Knight, Giannis Antetokounmpo, Jabari Parker, Larry Sanders, O.J. Mayo",21,78,81,84,92,2598,2803,6,11,-5,205
"21400062","MIL","Brandon Knight, Giannis Antetokounmpo, Larry Sanders, O.J. Mayo, Zaza Pachulia",22,84,92,84,92,2803,2803,0,0,0,0
"21400062","MIL","Brandon Knight, Giannis Antetokounmpo, Jerryd Bayless, O.J. Mayo, Zaza Pachulia",23,84,92,84,92,2803,2803,0,0,0,0
"21400062","MIL","Brandon Knight, Jerryd Bayless, Khris Middleton, O.J. Mayo, Zaza Pachulia",24,84,92,86,94,2803,2846,2,2,0,43
"21400062","MIL","Brandon Knight, Jabari Parker, Jerryd Bayless, Khris Middleton, Zaza Pachulia",25,86,94,86,95,2846,2880,0,1,-1,34
"21400063","IND","CJ Miles, Donald Sloan, Luis Scola, Roy Hibbert, Solomon Hill",0,0,0,9,5,0,298,9,5,4,298
"21400063","WAS","Garrett Temple, John Wall, Marcin Gortat, Nene, Paul Pierce",0,0,0,10,14,0,430,10,14,-4,430
"21400063","IND","Chris Copeland, CJ Miles, Donald Sloan, Luis Scola, Roy Hibbert",1,9,5,16,15,298,530,7,10,-3,232
"21400063","WAS","Drew Gooden, Garrett Temple, John Wall, Marcin Gortat, Paul Pierce",1,10,14,15,16,430,530,5,2,3,100
"21400063","IND","Chris Copeland, CJ Miles, Donald Sloan, Ian Mahinmi, Luis Scola",2,16,15,24,24,530,720,8,9,-1,190
"21400063","WAS","Drew Gooden, Garrett Temple, John Wall, Marcin Gortat, Otto Porter Jr.",2,15,16,24,24,530,720,9,8,1,190
"21400063","IND","Chris Copeland, Damjan Rudez, Ian Mahinmi, Lavoy Allen, Solomon Hill",3,24,24,32,35,720,1031,8,11,-3,311
"21400063","WAS","Andre Miller, Drew Gooden, Garrett Temple, Kevin Seraphin, Otto Porter Jr.",3,24,24,26,24,720,753,2,0,2,33
"21400063","IND","Chris Copeland, Damjan Rudez, Donald Sloan, Ian Mahinmi, Lavoy Allen",4,32,35,37,37,1031,1172,5,2,3,141
"21400063","WAS","Andre Miller, Drew Gooden, Glen Rice, Kevin Seraphin, Otto Porter Jr.",4,26,24,31,28,753,901,5,4,1,148
"21400063","IND","Chris Copeland, Damjan Rudez, Donald Sloan, Lavoy Allen, Roy Hibbert",5,37,37,37,37,1172,1172,0,0,0,0
"21400063","WAS","Andre Miller, Glen Rice, Kevin Seraphin, Nene, Otto Porter Jr.",5,31,28,35,30,901,1009,4,2,2,108
"21400063","IND","Chris Copeland, CJ Miles, Donald Sloan, Lavoy Allen, Roy Hibbert",6,37,37,44,39,1172,1404,7,2,5,232
"21400063","WAS","Glen Rice, John Wall, Kevin Seraphin, Nene, Otto Porter Jr.",6,35,30,35,30,1009,1009,0,0,0,0
"21400063","IND","CJ Miles, Donald Sloan, Lavoy Allen, Roy Hibbert, Solomon Hill",7,44,39,46,41,1404,1440,2,2,0,36
"21400063","WAS","John Wall, Kevin Seraphin, Nene, Otto Porter Jr., Paul Pierce",7,35,30,37,37,1009,1172,2,7,-5,163
"21400063","IND","CJ Miles, Donald Sloan, Luis Scola, Roy Hibbert, Solomon Hill",8,46,41,55,44,1440,1727,9,3,6,287
"21400063","WAS","Garrett Temple, John Wall, Kevin Seraphin, Nene, Paul Pierce",8,37,37,37,39,1172,1235,0,2,-2,63
"21400063","IND","Chris Copeland, Donald Sloan, Luis Scola, Roy Hibbert, Solomon Hill",9,55,44,61,54,1727,1994,6,10,-4,267
"21400063","WAS","Garrett Temple, John Wall, Marcin Gortat, Nene, Paul Pierce",9,37,39,37,44,1235,1334,0,5,-5,99
"21400063","IND","Chris Copeland, Damjan Rudez, Donald Sloan, Luis Scola, Roy Hibbert",10,61,54,63,56,1994,2079,2,2,0,85
"21400063","WAS","Garrett Temple, John Wall, Kris Humphries, Marcin Gortat, Paul Pierce",10,37,44,41,46,1334,1440,4,2,2,106
"21400063","IND","Chris Copeland, Damjan Rudez, Donald Sloan, Lavoy Allen, Roy Hibbert",11,63,56,63,57,2079,2108,0,1,-1,29
"21400063","WAS","Garrett Temple, John Wall, Marcin Gortat, Nene, Paul Pierce",11,41,46,49,61,1440,1883,8,15,-7,443
"21400063","IND","Chris Copeland, Damjan Rudez, Donald Sloan, Ian Mahinmi, Lavoy Allen",12,63,57,66,61,2108,2160,3,4,-1,52
"21400063","WAS","Drew Gooden, Garrett Temple, John Wall, Marcin Gortat, Paul Pierce",12,49,61,49,61,1883,1883,0,0,0,0
"21400063","IND","CJ Miles, Damjan Rudez, Ian Mahinmi, Lavoy Allen, Solomon Hill",13,66,61,73,68,2160,2477,7,7,0,317
"21400063","WAS","Drew Gooden, Garrett Temple, John Wall, Marcin Gortat, Otto Porter Jr.",13,49,61,61,66,1883,2160,12,5,7,277
"21400063","IND","Chris Copeland, CJ Miles, Ian Mahinmi, Lavoy Allen, Solomon Hill",14,73,68,73,68,2477,2477,0,0,0,0
"21400063","WAS","Andre Miller, Drew Gooden, Garrett Temple, Kevin Seraphin, Otto Porter Jr.",14,61,66,65,69,2160,2354,4,3,1,194
"21400063","IND","Chris Copeland, Donald Sloan, Ian Mahinmi, Lavoy Allen, Solomon Hill",15,73,68,82,78,2477,2754,9,10,-1,277
"21400063","WAS","Andre Miller, Garrett Temple, Kevin Seraphin, Nene, Otto Porter Jr.",15,65,69,65,69,2354,2354,0,0,0,0
"21400063","IND","Chris Copeland, Donald Sloan, Lavoy Allen, Roy Hibbert, Solomon Hill",16,82,78,95,94,2754,3165,13,16,-3,411
"21400063","WAS","Andre Miller, Kevin Seraphin, Nene, Otto Porter Jr., Paul Pierce",16,65,69,68,73,2354,2477,3,4,-1,123
"21400063","IND","Chris Copeland, Donald Sloan, Lavoy Allen, Luis Scola, Solomon Hill",17,95,94,95,94,3165,3165,0,0,0,0
"21400063","WAS","Andre Miller, Marcin Gortat, Nene, Otto Porter Jr., Paul Pierce",17,68,73,68,73,2477,2477,0,0,0,0
"21400063","IND","Chris Copeland, CJ Miles, Donald Sloan, Luis Scola, Solomon Hill",18,95,94,96,94,3165,3168,1,0,1,3
"21400063","WAS","John Wall, Marcin Gortat, Nene, Otto Porter Jr., Paul Pierce",18,68,73,72,75,2477,2544,4,2,2,67
"21400063","IND","Chris Copeland, Donald Sloan, Luis Scola, Roy Hibbert, Solomon Hill",19,96,94,96,94,3168,3168,0,0,0,0
"21400063","WAS","Garrett Temple, John Wall, Marcin Gortat, Nene, Paul Pierce",19,72,75,84,84,2544,2874,12,9,3,330
"21400063","IND","Chris Copeland, Donald Sloan, Lavoy Allen, Roy Hibbert, Solomon Hill",20,96,94,96,94,3168,3180,0,0,0,12
"21400063","WAS","Drew Gooden, Garrett Temple, John Wall, Marcin Gortat, Paul Pierce",20,84,84,84,84,2874,2880,0,0,0,6
"21400063","WAS","Garrett Temple, John Wall, Marcin Gortat, Nene, Paul Pierce",21,84,84,92,95,2880,3160,8,11,-3,280
"21400063","WAS","Garrett Temple, John Wall, Nene, Otto Porter Jr., Paul Pierce",22,92,95,94,95,3160,3165,2,0,2,5
"21400063","WAS","Garrett Temple, John Wall, Marcin Gortat, Nene, Paul Pierce",23,94,95,94,95,3165,3165,0,0,0,0
"21400063","WAS","Garrett Temple, John Wall, Nene, Otto Porter Jr., Paul Pierce",24,94,95,94,96,3165,3168,0,1,-1,3
"21400063","WAS","Garrett Temple, John Wall, Marcin Gortat, Nene, Paul Pierce",25,94,96,94,96,3168,3168,0,0,0,0
"21400063","WAS","Garrett Temple, John Wall, Nene, Otto Porter Jr., Paul Pierce",26,94,96,94,96,3168,3180,0,0,0,12
"21400064","ATL","Al Horford, DeMarre Carroll, Jeff Teague, Kyle Korver, Paul Millsap",0,0,0,19,11,0,374,19,11,8,374
"21400064","SAS","Danny Green, Kawhi Leonard, Tiago Splitter, Tim Duncan, Tony Parker",0,0,0,9,15,0,259,9,15,-6,259
"21400064","ATL","DeMarre Carroll, Jeff Teague, Kyle Korver, Paul Millsap, Pero Antic",1,19,11,24,13,374,569,5,2,3,195
"21400064","SAS","Boris Diaw, Danny Green, Kawhi Leonard, Tim Duncan, Tony Parker",1,9,15,11,19,259,374,2,4,-2,115
"21400064","ATL","Jeff Teague, Kyle Korver, Paul Millsap, Pero Antic, Shelvin Mack",2,24,13,24,13,569,569,0,0,0,0
"21400064","SAS","Boris Diaw, Kawhi Leonard, Manu Ginobili, Tim Duncan, Tony Parker",2,11,19,11,19,374,374,0,0,0,0
"21400064","ATL","Jeff Teague, Kent Bazemore, Kyle Korver, Pero Antic, Shelvin Mack",3,24,13,24,13,569,569,0,0,0,0
"21400064","SAS","Boris Diaw, Manu Ginobili, Marco Belinelli, Tim Duncan, Tony Parker",3,11,19,11,20,374,414,0,1,-1,40
"21400064","ATL","Jeff Teague, Kent Bazemore, Pero Antic, Shelvin Mack, Thabo Sefolosha",4,24,13,24,13,569,569,0,0,0,0
"21400064","SAS","Boris Diaw, Cory Joseph, Manu Ginobili, Marco Belinelli, Tim Duncan",4,11,20,13,24,414,569,2,4,-2,155
"21400064","ATL","Kent Bazemore, Mike Scott, Pero Antic, Shelvin Mack, Thabo Sefolosha",5,24,13,27,15,569,720,3,2,1,151
"21400064","SAS","Aron Baynes, Boris Diaw, Cory Joseph, Manu Ginobili, Marco Belinelli",5,13,24,13,24,569,602,0,0,0,33
"21400064","ATL","Al Horford, Kent Bazemore, Mike Scott, Shelvin Mack, Thabo Sefolosha",6,27,15,36,21,720,941,9,6,3,221
"21400064","SAS","Boris Diaw, Cory Joseph, Jeff Ayres, Manu Ginobili, Marco Belinelli",6,13,24,15,24,602,660,2,0,2,58
"21400064","ATL","Al Horford, Kyle Korver, Mike Scott, Shelvin Mack, Thabo Sefolosha",7,36,21,36,21,941,941,0,0,0,0
"21400064","SAS","Boris Diaw, Cory Joseph, Danny Green, Jeff Ayres, Manu Ginobili",7,15,24,15,27,660,720,0,3,-3,60
"21400064","ATL","Al Horford, Jeff Teague, Kyle Korver, Mike Scott, Thabo Sefolosha",8,36,21,36,25,941,1030,0,4,-4,89
"21400064","SAS","Boris Diaw, Danny Green, Jeff Ayres, Manu Ginobili, Tony Parker",8,15,27,19,32,720,848,4,5,-1,128
"21400064","ATL","Al Horford, DeMarre Carroll, Jeff Teague, Kyle Korver, Thabo Sefolosha",9,36,25,36,25,1030,1030,0,0,0,0
"21400064","SAS","Boris Diaw, Danny Green, Jeff Ayres, Kawhi Leonard, Tony Parker",9,19,32,19,32,848,848,0,0,0,0
"21400064","ATL","Al Horford, DeMarre Carroll, Jeff Teague, Kyle Korver, Paul Millsap",10,36,25,40,25,1030,1078,4,0,4,48
"21400064","SAS","Boris Diaw, Cory Joseph, Jeff Ayres, Kawhi Leonard, Tony Parker",10,19,32,23,36,848,956,4,4,0,108
"21400064","ATL","DeMarre Carroll, Jeff Teague, Kyle Korver, Paul Millsap, Pero Antic",11,40,25,44,28,1078,1215,4,3,1,137
"21400064","SAS","Boris Diaw, Cory Joseph, Kawhi Leonard, Tim Duncan, Tony Parker",11,23,36,25,36,956,1030,2,0,2,74
"21400064","ATL","Al Horford, DeMarre Carroll, Jeff Teague, Kyle Korver, Paul Millsap",12,44,28,49,35,1215,1382,5,7,-2,167
"21400064","SAS","Boris Diaw, Danny Green, Kawhi Leonard, Tim Duncan, Tony Parker",12,25,36,25,40,1030,1078,0,4,-4,48
"21400064","ATL","DeMarre Carroll, Jeff Teague, Kyle Korver, Paul Millsap, Pero Antic",13,49,35,49,39,1382,1440,0,4,-4,58
"21400064","SAS","Danny Green, Kawhi Leonard, Tiago Splitter, Tim Duncan, Tony Parker",13,25,40,27,42,1078,1137,2,2,0,59
"21400064","ATL","Al Horford, DeMarre Carroll, Jeff Teague, Kyle Korver, Paul Millsap",14,49,39,59,49,1440,1765,10,10,0,325
"21400064","SAS","Danny Green, Manu Ginobili, Tiago Splitter, Tim Duncan, Tony Parker",14,27,42,28,44,1137,1270,1,2,-1,133
"21400064","ATL","DeMarre Carroll, Jeff Teague, Kyle Korver, Paul Millsap, Pero Antic",15,59,49,65,54,1765,1907,6,5,1,142
"21400064","SAS","Danny Green, Kawhi Leonard, Tiago Splitter, Tim Duncan, Tony Parker",15,28,44,28,44,1270,1270,0,0,0,0
"21400064","ATL","Jeff Teague, Kent Bazemore, Kyle Korver, Paul Millsap, Pero Antic",16,65,54,65,54,1907,1907,0,0,0,0
"21400064","SAS","Boris Diaw, Danny Green, Kawhi Leonard, Tim Duncan, Tony Parker",16,28,44,35,48,1270,1378,7,4,3,108
"21400064","ATL","Jeff Teague, Kent Bazemore, Paul Millsap, Pero Antic, Thabo Sefolosha",17,65,54,65,56,1907,1982,0,2,-2,75
"21400064","SAS","Boris Diaw, Kawhi Leonard, Manu Ginobili, Tim Duncan, Tony Parker",17,35,48,39,49,1378,1440,4,1,3,62
"21400064","ATL","Dennis Schroder, Kent Bazemore, Paul Millsap, Pero Antic, Thabo Sefolosha",18,65,56,68,62,1982,2155,3,6,-3,173
"21400064","SAS","Danny Green, Kawhi Leonard, Tiago Splitter, Tim Duncan, Tony Parker",18,39,49,45,51,1440,1591,6,2,4,151
"21400064","ATL","Dennis Schroder, Kent Bazemore, Mike Scott, Pero Antic, Thabo Sefolosha",19,68,62,68,62,2155,2160,0,0,0,5
"21400064","SAS","Kawhi Leonard, Manu Ginobili, Tiago Splitter, Tim Duncan, Tony Parker",19,45,51,45,52,1591,1614,0,1,-1,23
"21400064","ATL","Al Horford, Dennis Schroder, Kent Bazemore, Mike Scott, Thabo Sefolosha",20,68,62,74,62,2160,2200,6,0,6,40
"21400064","SAS","Boris Diaw, Kawhi Leonard, Manu Ginobili, Tim Duncan, Tony Parker",20,45,52,49,62,1614,1806,4,10,-6,192
"21400064","ATL","Al Horford, Dennis Schroder, Kyle Korver, Mike Scott, Thabo Sefolosha",21,74,62,81,78,2200,2444,7,16,-9,244
"21400064","SAS","Boris Diaw, Danny Green, Kawhi Leonard, Tim Duncan, Tony Parker",21,49,62,54,65,1806,1907,5,3,2,101
"21400064","ATL","Al Horford, DeMarre Carroll, Dennis Schroder, Mike Scott, Thabo Sefolosha",22,81,78,81,78,2444,2444,0,0,0,0
"21400064","SAS","Boris Diaw, Danny Green, Jeff Ayres, Kawhi Leonard, Tony Parker",22,54,65,56,65,1907,1982,2,0,2,75
"21400064","ATL","DeMarre Carroll, Dennis Schroder, Mike Scott, Paul Millsap, Thabo Sefolosha",23,81,78,83,78,2444,2473,2,0,2,29
"21400064","SAS","Boris Diaw, Cory Joseph, Danny Green, Jeff Ayres, Kawhi Leonard",23,56,65,56,65,1982,1982,0,0,0,0
"21400064","ATL","DeMarre Carroll, Jeff Teague, Mike Scott, Paul Millsap, Thabo Sefolosha",24,83,78,83,78,2473,2473,0,0,0,0
"21400064","SAS","Boris Diaw, Cory Joseph, Danny Green, Jeff Ayres, Manu Ginobili",24,56,65,62,74,1982,2200,6,9,-3,218
"21400064","ATL","DeMarre Carroll, Jeff Teague, Kyle Korver, Mike Scott, Paul Millsap",25,83,78,85,81,2473,2533,2,3,-1,60
"21400064","SAS","Austin Daye, Cory Joseph, Danny Green, Jeff Ayres, Manu Ginobili",25,62,74,70,76,2200,2315,8,2,6,115
"21400064","ATL","Al Horford, DeMarre Carroll, Jeff Teague, Kyle Korver, Paul Millsap",26,85,81,91,90,2533,2861,6,9,-3,328
"21400064","SAS","Austin Daye, Cory Joseph, Danny Green, Manu Ginobili, Tim Duncan",26,70,76,70,76,2315,2315,0,0,0,0
"21400064","ATL","Al Horford, DeMarre Carroll, Kyle Korver, Paul Millsap, Thabo Sefolosha",27,91,90,91,90,2861,2861,0,0,0,0
"21400064","SAS","Austin Daye, Cory Joseph, Danny Green, Kawhi Leonard, Tim Duncan",27,70,76,70,76,2315,2315,0,0,0,0
"21400064","ATL","Al Horford, DeMarre Carroll, Kent Bazemore, Paul Millsap, Thabo Sefolosha",28,91,90,92,90,2861,2863,1,0,1,2
"21400064","SAS","Austin Daye, Danny Green, Kawhi Leonard, Tim Duncan, Tony Parker",28,70,76,74,77,2315,2389,4,1,3,74
"21400064","ATL","Al Horford, DeMarre Carroll, Kyle Korver, Paul Millsap, Thabo Sefolosha",29,92,90,92,90,2863,2863,0,0,0,0
"21400064","SAS","Danny Green, Kawhi Leonard, Manu Ginobili, Tim Duncan, Tony Parker",29,74,77,78,81,2389,2444,4,4,0,55
"21400064","ATL","Al Horford, DeMarre Carroll, Jeff Teague, Kyle Korver, Paul Millsap",30,92,90,94,92,2863,2877,2,2,0,14
"21400064","SAS","Boris Diaw, Danny Green, Manu Ginobili, Tim Duncan, Tony Parker",30,78,81,81,85,2444,2589,3,4,-1,145
"21400064","ATL","Al Horford, DeMarre Carroll, Kyle Korver, Paul Millsap, Thabo Sefolosha",31,94,92,94,92,2877,2877,0,0,0,0
"21400064","SAS","Boris Diaw, Danny Green, Kawhi Leonard, Tim Duncan, Tony Parker",31,81,85,86,88,2589,2743,5,3,2,154
"21400064","ATL","Al Horford, DeMarre Carroll, Kent Bazemore, Paul Millsap, Thabo Sefolosha",32,94,92,94,92,2877,2877,0,0,0,0
"21400064","SAS","Boris Diaw, Kawhi Leonard, Manu Ginobili, Tim Duncan, Tony Parker",32,86,88,92,94,2743,2880,6,6,0,137
"21400064","ATL","Al Horford, DeMarre Carroll, Jeff Teague, Paul Millsap, Thabo Sefolosha",33,94,92,94,92,2877,2877,0,0,0,0
"21400064","ATL","Al Horford, DeMarre Carroll, Jeff Teague, Kyle Korver, Paul Millsap",34,94,92,94,92,2877,2877,0,0,0,0
"21400064","ATL","Al Horford, Jeff Teague, Kyle Korver, Paul Millsap, Pero Antic",35,94,92,94,92,2877,2880,0,0,0,3
"21400065","MEM","Courtney Lee, Marc Gasol, Mike Conley, Tony Allen, Zach Randolph",0,0,0,19,20,0,473,19,20,-1,473
"21400065","PHX","Eric Bledsoe, Goran Dragic, Marcus Morris Sr., Markieff Morris, Miles Plumlee",0,0,0,20,19,0,473,20,19,1,473
"21400065","MEM","Courtney Lee, Marc Gasol, Mike Conley, Vince Carter, Zach Randolph",1,19,20,21,22,473,540,2,2,0,67
"21400065","PHX","Alex Len, Eric Bledsoe, Goran Dragic, Marcus Morris Sr., Markieff Morris",1,20,19,20,19,473,473,0,0,0,0
"21400065","MEM","Marc Gasol, Mike Conley, Quincy Pondexter, Vince Carter, Zach Randolph",2,21,22,23,22,540,637,2,0,2,97
"21400065","PHX","Alex Len, Eric Bledsoe, Goran Dragic, Markieff Morris, P.J. Tucker",2,20,19,22,23,473,591,2,4,-2,118
"21400065","MEM","Jon Leuer, Marc Gasol, Mike Conley, Quincy Pondexter, Vince Carter",3,23,22,23,22,637,637,0,0,0,0
"21400065","PHX","Alex Len, Eric Bledsoe, Isaiah Thomas, Markieff Morris, P.J. Tucker",3,22,23,22,25,591,660,0,2,-2,69
"21400065","MEM","Beno Udrih, Jon Leuer, Marc Gasol, Quincy Pondexter, Vince Carter",4,23,22,27,26,637,720,4,4,0,83
"21400065","PHX","Alex Len, Anthony Tolliver, Eric Bledsoe, Isaiah Thomas, P.J. Tucker",4,22,25,24,27,660,708,2,2,0,48
"21400065","MEM","Beno Udrih, Jon Leuer, Kosta Koufos, Quincy Pondexter, Vince Carter",5,27,26,41,32,720,1032,14,6,8,312
"21400065","PHX","Anthony Tolliver, Eric Bledsoe, Isaiah Thomas, Miles Plumlee, P.J. Tucker",5,24,27,26,27,708,720,2,0,2,12
"21400065","MEM","Beno Udrih, Courtney Lee, Jon Leuer, Kosta Koufos, Quincy Pondexter",6,41,32,43,32,1032,1118,2,0,2,86
"21400065","PHX","Alex Len, Anthony Tolliver, Gerald Green, Isaiah Thomas, P.J. Tucker",6,26,27,32,43,720,1118,6,16,-10,398
"21400065","MEM","Beno Udrih, Courtney Lee, Kosta Koufos, Mike Conley, Quincy Pondexter",7,43,32,43,32,1118,1118,0,0,0,0
"21400065","PHX","Anthony Tolliver, Gerald Green, Isaiah Thomas, Miles Plumlee, P.J. Tucker",7,32,43,32,43,1118,1118,0,0,0,0
"21400065","MEM","Courtney Lee, Kosta Koufos, Marc Gasol, Mike Conley, Quincy Pondexter",8,43,32,43,32,1118,1118,0,0,0,0
"21400065","PHX","Anthony Tolliver, Gerald Green, Isaiah Thomas, Markieff Morris, Miles Plumlee",8,32,43,32,43,1118,1118,0,0,0,0
"21400065","MEM","Courtney Lee, Marc Gasol, Mike Conley, Quincy Pondexter, Zach Randolph",9,43,32,52,46,1118,1439,9,14,-5,321
"21400065","PHX","Eric Bledsoe, Gerald Green, Isaiah Thomas, Markieff Morris, Miles Plumlee",9,32,43,40,43,1118,1224,8,0,8,106
"21400065","MEM","Courtney Lee, Marc Gasol, Mike Conley, Quincy Pondexter, Vince Carter",10,52,46,52,46,1439,1440,0,0,0,1
"21400065","PHX","Eric Bledsoe, Goran Dragic, Isaiah Thomas, Markieff Morris, Miles Plumlee",10,40,43,42,46,1224,1264,2,3,-1,40
"21400065","MEM","Courtney Lee, Marc Gasol, Mike Conley, Tony Allen, Zach Randolph",11,52,46,63,64,1440,1801,11,18,-7,361
"21400065","PHX","Alex Len, Eric Bledsoe, Goran Dragic, Isaiah Thomas, Markieff Morris",11,42,46,44,50,1264,1351,2,4,-2,87
"21400065","MEM","Courtney Lee, Kosta Koufos, Mike Conley, Tony Allen, Zach Randolph",12,63,64,65,66,1801,1894,2,2,0,93
"21400065","PHX","Alex Len, Eric Bledsoe, Goran Dragic, Marcus Morris Sr., Markieff Morris",12,44,50,46,52,1351,1440,2,2,0,89
"21400065","MEM","Beno Udrih, Courtney Lee, Kosta Koufos, Tony Allen, Zach Randolph",13,65,66,69,75,1894,2049,4,9,-5,155
"21400065","PHX","Eric Bledsoe, Goran Dragic, Marcus Morris Sr., Markieff Morris, Miles Plumlee",13,46,52,64,59,1440,1704,18,7,11,264
"21400065","MEM","Beno Udrih, Courtney Lee, Kosta Koufos, Quincy Pondexter, Zach Randolph",14,69,75,69,76,2049,2120,0,1,-1,71
"21400065","PHX","Eric Bledsoe, Isaiah Thomas, Marcus Morris Sr., Markieff Morris, Miles Plumlee",14,64,59,66,65,1704,1894,2,6,-4,190
"21400065","MEM","Beno Udrih, Courtney Lee, Jon Leuer, Kosta Koufos, Quincy Pondexter",15,69,76,69,76,2120,2120,0,0,0,0
"21400065","PHX","Alex Len, Eric Bledsoe, Isaiah Thomas, Marcus Morris Sr., Markieff Morris",15,66,65,70,67,1894,1968,4,2,2,74
"21400065","MEM","Beno Udrih, Jon Leuer, Kosta Koufos, Quincy Pondexter, Tony Allen",16,69,76,71,76,2120,2160,2,0,2,40
"21400065","PHX","Alex Len, Gerald Green, Isaiah Thomas, Marcus Morris Sr., Markieff Morris",16,70,67,70,67,1968,1968,0,0,0,0
"21400065","MEM","Beno Udrih, Courtney Lee, Jon Leuer, Marc Gasol, Quincy Pondexter",17,71,76,77,87,2160,2540,6,11,-5,380
"21400065","PHX","Alex Len, Gerald Green, Isaiah Thomas, Markieff Morris, P.J. Tucker",17,70,67,75,69,1968,2049,5,2,3,81
"21400065","MEM","Courtney Lee, Jon Leuer, Marc Gasol, Mike Conley, Quincy Pondexter",18,77,87,83,90,2540,2612,6,3,3,72
"21400065","PHX","Alex Len, Gerald Green, Isaiah Thomas, P.J. Tucker, Shavlik Randolph",18,75,69,76,71,2049,2160,1,2,-1,111
"21400065","MEM","Courtney Lee, Jon Leuer, Marc Gasol, Mike Conley, Zach Randolph",19,83,90,83,90,2612,2612,0,0,0,0
"21400065","PHX","Alex Len, Gerald Green, Goran Dragic, Isaiah Thomas, P.J. Tucker",19,76,71,79,75,2160,2265,3,4,-1,105
"21400065","MEM","Courtney Lee, Marc Gasol, Mike Conley, Tony Allen, Zach Randolph",20,83,90,85,96,2612,2740,2,6,-4,128
"21400065","PHX","Alex Len, Eric Bledsoe, Gerald Green, Goran Dragic, P.J. Tucker",20,79,75,87,75,2265,2486,8,0,8,221
"21400065","MEM","Courtney Lee, Marc Gasol, Mike Conley, Quincy Pondexter, Tony Allen",21,85,96,91,102,2740,2880,6,6,0,140
"21400065","PHX","Alex Len, Eric Bledsoe, Gerald Green, Markieff Morris, P.J. Tucker",21,87,75,87,77,2486,2540,0,2,-2,54
"21400065","PHX","Alex Len, Eric Bledsoe, Marcus Morris Sr., Markieff Morris, P.J. Tucker",22,87,77,90,77,2540,2552,3,0,3,12
"21400065","PHX","Eric Bledsoe, Isaiah Thomas, Marcus Morris Sr., Markieff Morris, P.J. Tucker",23,90,77,96,85,2552,2740,6,8,-2,188
"21400065","PHX","Eric Bledsoe, Goran Dragic, Isaiah Thomas, Markieff Morris, P.J. Tucker",24,96,85,96,85,2740,2767,0,0,0,27
"21400065","PHX","Eric Bledsoe, Gerald Green, Goran Dragic, Markieff Morris, P.J. Tucker",25,96,85,102,91,2767,2880,6,6,0,113
"21400066","CLE","Anderson Varejao, Kevin Love, Kyrie Irving, LeBron James, Shawn Marion",0,0,0,22,14,0,442,22,14,8,442
"21400066","UTA","Alec Burks, Derrick Favors, Enes Kanter, Gordon Hayward, Trey Burke",0,0,0,14,18,0,375,14,18,-4,375
"21400066","CLE","Anderson Varejao, Dion Waiters, Kevin Love, Kyrie Irving, LeBron James",1,22,14,22,14,442,442,0,0,0,0
"21400066","UTA","Alec Burks, Derrick Favors, Enes Kanter, Rodney Hood, Trey Burke",1,14,18,17,24,375,489,3,6,-3,114
"21400066","CLE","Dion Waiters, Kevin Love, Kyrie Irving, LeBron James, Tristan Thompson",2,22,14,26,18,442,549,4,4,0,107
"21400066","UTA","Alec Burks, Derrick Favors, Rodney Hood, Trevor Booker, Trey Burke",2,17,24,18,26,489,549,1,2,-1,60
"21400066","CLE","Dion Waiters, Kevin Love, LeBron James, Mike Miller, Tristan Thompson",3,26,18,32,20,549,667,6,2,4,118
"21400066","UTA","Alec Burks, Dante Exum, Derrick Favors, Rodney Hood, Trevor Booker",3,18,26,20,31,549,626,2,5,-3,77
"21400066","CLE","Anderson Varejao, Dion Waiters, LeBron James, Mike Miller, Tristan Thompson",4,32,20,32,20,667,667,0,0,0,0
"21400066","UTA","Dante Exum, Derrick Favors, Joe Ingles, Rodney Hood, Trevor Booker",4,20,31,20,31,626,626,0,0,0,0
"21400066","CLE","Anderson Varejao, Dion Waiters, Kyrie Irving, Mike Miller, Tristan Thompson",5,32,20,41,27,667,841,9,7,2,174
"21400066","UTA","Dante Exum, Joe Ingles, Rodney Hood, Rudy Gobert, Trevor Booker",5,20,31,23,32,626,720,3,1,2,94
"21400066","CLE","Anderson Varejao, Kyrie Irving, LeBron James, Mike Miller, Tristan Thompson",6,41,27,43,33,841,991,2,6,-4,150
"21400066","UTA","Dante Exum, Gordon Hayward, Joe Ingles, Rudy Gobert, Trevor Booker",6,23,32,33,43,720,991,10,11,-1,271
"21400066","CLE","Anderson Varejao, Kyrie Irving, LeBron James, Shawn Marion, Tristan Thompson",7,43,33,43,33,991,991,0,0,0,0
"21400066","UTA","Gordon Hayward, Joe Ingles, Rudy Gobert, Trevor Booker, Trey Burke",7,33,43,33,43,991,991,0,0,0,0
"21400066","CLE","Anderson Varejao, Kevin Love, Kyrie Irving, LeBron James, Shawn Marion",8,43,33,47,38,991,1140,4,5,-1,149
"21400066","UTA","Derrick Favors, Gordon Hayward, Joe Ingles, Rudy Gobert, Trey Burke",8,33,43,33,43,991,991,0,0,0,0
"21400066","CLE","Kevin Love, Kyrie Irving, LeBron James, Shawn Marion, Tristan Thompson",9,47,38,56,48,1140,1376,9,10,-1,236
"21400066","UTA","Derrick Favors, Enes Kanter, Gordon Hayward, Joe Ingles, Trey Burke",9,33,43,36,45,991,1055,3,2,1,64
"21400066","CLE","Kevin Love, Kyrie Irving, LeBron James, Mike Miller, Tristan Thompson",10,56,48,59,48,1376,1440,3,0,3,64
"21400066","UTA","Dante Exum, Derrick Favors, Enes Kanter, Gordon Hayward, Joe Ingles",10,36,45,36,47,1055,1077,0,2,-2,22
"21400066","CLE","Anderson Varejao, Kevin Love, Kyrie Irving, LeBron James, Shawn Marion",11,59,48,70,60,1440,1806,11,12,-1,366
"21400066","UTA","Alec Burks, Dante Exum, Derrick Favors, Enes Kanter, Gordon Hayward",11,36,47,40,51,1077,1243,4,4,0,166
"21400066","CLE","Kevin Love, Kyrie Irving, LeBron James, Shawn Marion, Tristan Thompson",12,70,60,72,66,1806,1952,2,6,-4,146
"21400066","UTA","Alec Burks, Dante Exum, Derrick Favors, Enes Kanter, Rodney Hood",12,40,51,45,54,1243,1318,5,3,2,75
"21400066","CLE","Dion Waiters, Kevin Love, Kyrie Irving, LeBron James, Tristan Thompson",13,72,66,74,73,1952,2076,2,7,-5,124
"21400066","UTA","Alec Burks, Dante Exum, Derrick Favors, Enes Kanter, Gordon Hayward",13,45,54,48,56,1318,1376,3,2,1,58
"21400066","CLE","Dion Waiters, Kevin Love, LeBron James, Mike Miller, Tristan Thompson",14,74,73,74,73,2076,2076,0,0,0,0
"21400066","UTA","Dante Exum, Derrick Favors, Enes Kanter, Gordon Hayward, Rodney Hood",14,48,56,48,59,1376,1440,0,3,-3,64
"21400066","CLE","Dion Waiters, LeBron James, Mike Miller, Shawn Marion, Tristan Thompson",15,74,73,76,75,2076,2160,2,2,0,84
"21400066","UTA","Alec Burks, Derrick Favors, Enes Kanter, Gordon Hayward, Trey Burke",15,48,59,62,70,1440,1843,14,11,3,403
"21400066","CLE","Anderson Varejao, Dion Waiters, Kyrie Irving, Mike Miller, Tristan Thompson",16,76,75,83,79,2160,2344,7,4,3,184
"21400066","UTA","Alec Burks, Derrick Favors, Enes Kanter, Rodney Hood, Trey Burke",16,62,70,62,70,1843,1843,0,0,0,0
"21400066","CLE","Anderson Varejao, Dion Waiters, Kevin Love, Kyrie Irving, Mike Miller",17,83,79,83,79,2344,2344,0,0,0,0
"21400066","UTA","Alec Burks, Derrick Favors, Rodney Hood, Trevor Booker, Trey Burke",17,62,70,64,72,1843,1950,2,2,0,107
"21400066","CLE","Anderson Varejao, Kevin Love, Kyrie Irving, LeBron James, Mike Miller",18,83,79,96,90,2344,2791,13,11,2,447
"21400066","UTA","Alec Burks, Rodney Hood, Rudy Gobert, Trevor Booker, Trey Burke",18,64,72,66,72,1950,1959,2,0,2,9
"21400066","CLE","Kevin Love, Kyrie Irving, LeBron James, Mike Miller, Tristan Thompson",19,96,90,100,100,2791,2877,4,10,-6,86
"21400066","UTA","Alec Burks, Dante Exum, Rodney Hood, Rudy Gobert, Trevor Booker",19,66,72,71,72,1959,2033,5,0,5,74
"21400066","CLE","Kevin Love, Kyrie Irving, LeBron James, Shawn Marion, Tristan Thompson",20,100,100,100,100,2877,2877,0,0,0,0
"21400066","UTA","Dante Exum, Joe Ingles, Rodney Hood, Rudy Gobert, Trevor Booker",20,71,72,75,76,2033,2111,4,4,0,78
"21400066","CLE","Dion Waiters, Kyrie Irving, LeBron James, Shawn Marion, Tristan Thompson",21,100,100,102,100,2877,2880,2,0,2,3
"21400066","UTA","Dante Exum, Gordon Hayward, Rodney Hood, Rudy Gobert, Trevor Booker",21,75,76,75,76,2111,2160,0,0,0,49
"21400066","UTA","Dante Exum, Gordon Hayward, Joe Ingles, Rudy Gobert, Trevor Booker",22,75,76,79,83,2160,2344,4,7,-3,184
"21400066","UTA","Dante Exum, Enes Kanter, Gordon Hayward, Joe Ingles, Rudy Gobert",23,79,83,79,83,2344,2344,0,0,0,0
"21400066","UTA","Enes Kanter, Gordon Hayward, Joe Ingles, Rudy Gobert, Trey Burke",24,79,83,79,83,2344,2369,0,0,0,25
"21400066","UTA","Derrick Favors, Enes Kanter, Gordon Hayward, Joe Ingles, Trey Burke",25,79,83,81,85,2369,2416,2,2,0,47
"21400066","UTA","Alec Burks, Derrick Favors, Enes Kanter, Gordon Hayward, Trey Burke",26,81,85,81,85,2416,2419,0,0,0,3
"21400066","UTA","Alec Burks, Dante Exum, Derrick Favors, Enes Kanter, Gordon Hayward",27,81,85,89,90,2419,2645,8,5,3,226
"21400066","UTA","Alec Burks, Dante Exum, Derrick Favors, Gordon Hayward, Trevor Booker",28,89,90,90,93,2645,2703,1,3,-2,58
"21400066","UTA","Alec Burks, Derrick Favors, Gordon Hayward, Trevor Booker, Trey Burke",29,90,93,94,96,2703,2850,4,3,1,147
"21400066","UTA","Alec Burks, Derrick Favors, Gordon Hayward, Rodney Hood, Trevor Booker",30,94,96,100,100,2850,2877,6,4,2,27
"21400066","UTA","Alec Burks, Derrick Favors, Gordon Hayward, Joe Ingles, Rodney Hood",31,100,100,100,100,2877,2877,0,0,0,0
"21400066","UTA","Alec Burks, Derrick Favors, Gordon Hayward, Joe Ingles, Trey Burke",32,100,100,100,102,2877,2880,0,2,-2,3
"21400067","DEN","Arron Afflalo, Kenneth Faried, Timofey Mozgov, Ty Lawson, Wilson Chandler",0,0,0,10,21,0,343,10,21,-11,343
"21400067","SAC","Ben McLemore, Darren Collison, DeMarcus Cousins, Jason Thompson, Rudy Gay",0,0,0,21,10,0,344,21,10,11,344
"21400067","DEN","Arron Afflalo, JaVale McGee, Kenneth Faried, Ty Lawson, Wilson Chandler",1,10,21,14,27,343,515,4,6,-2,172
"21400067","SAC","Ben McLemore, Darren Collison, Jason Thompson, Reggie Evans, Rudy Gay",1,21,10,28,14,344,529,7,4,3,185
"21400067","DEN","Arron Afflalo, Darrell Arthur, JaVale McGee, Ty Lawson, Wilson Chandler",2,14,27,14,30,515,529,0,3,-3,14
"21400067","SAC","Ben McLemore, Darren Collison, DeMarcus Cousins, Reggie Evans, Rudy Gay",2,28,14,30,14,529,529,2,0,2,0
"21400067","DEN","Arron Afflalo, Danilo Gallinari, Darrell Arthur, JaVale McGee, Ty Lawson",3,14,30,19,34,529,626,5,4,1,97
"21400067","SAC","Ben McLemore, Darren Collison, DeMarcus Cousins, Omri Casspi, Reggie Evans",3,30,14,40,19,529,701,10,5,5,172
"21400067","DEN","Danilo Gallinari, Darrell Arthur, JaVale McGee, Randy Foye, Ty Lawson",4,19,34,19,40,626,701,0,6,-6,75
"21400067","SAC","Ben McLemore, Carl Landry, Darren Collison, Omri Casspi, Reggie Evans",4,40,19,40,19,701,720,0,0,0,19
"21400067","DEN","Arron Afflalo, Danilo Gallinari, Darrell Arthur, Randy Foye, Ty Lawson",5,19,40,19,40,701,720,0,0,0,19
"21400067","SAC","Carl Landry, Nik Stauskas, Omri Casspi, Ramon Sessions, Reggie Evans",5,40,19,40,23,720,806,0,4,-4,86
"21400067","DEN","Danilo Gallinari, Darrell Arthur, Nate Robinson, Randy Foye, Wilson Chandler",6,19,40,31,46,720,986,12,6,6,266
"21400067","SAC","Carl Landry, Nik Stauskas, Omri Casspi, Ramon Sessions, Rudy Gay",6,40,23,46,31,806,986,6,8,-2,180
"21400067","DEN","Danilo Gallinari, Kenneth Faried, Nate Robinson, Randy Foye, Wilson Chandler",7,31,46,38,48,986,1068,7,2,5,82
"21400067","SAC","Carl Landry, Darren Collison, Nik Stauskas, Omri Casspi, Rudy Gay",7,46,31,46,31,986,986,0,0,0,0
"21400067","DEN","Arron Afflalo, Kenneth Faried, Nate Robinson, Randy Foye, Wilson Chandler",8,38,48,38,50,1068,1081,0,2,-2,13
"21400067","SAC","Ben McLemore, Carl Landry, Darren Collison, Omri Casspi, Rudy Gay",8,46,31,46,33,986,996,0,2,-2,10
"21400067","DEN","Arron Afflalo, Darrell Arthur, Nate Robinson, Randy Foye, Wilson Chandler",9,38,50,43,56,1081,1156,5,6,-1,75
"21400067","SAC","Ben McLemore, Darren Collison, DeMarcus Cousins, Omri Casspi, Rudy Gay",9,46,33,62,52,996,1353,16,19,-3,357
"21400067","DEN","Arron Afflalo, Darrell Arthur, Nate Robinson, Ty Lawson, Wilson Chandler",10,43,56,52,62,1156,1353,9,6,3,197
"21400067","SAC","Ben McLemore, Darren Collison, DeMarcus Cousins, Ray McCallum, Rudy Gay",10,62,52,68,54,1353,1440,6,2,4,87
"21400067","DEN","Arron Afflalo, Jusuf Nurkic, Nate Robinson, Ty Lawson, Wilson Chandler",11,52,62,54,68,1353,1440,2,6,-4,87
"21400067","SAC","Ben McLemore, Darren Collison, DeMarcus Cousins, Jason Thompson, Rudy Gay",11,68,54,82,60,1440,1792,14,6,8,352
"21400067","DEN","Arron Afflalo, Kenneth Faried, Timofey Mozgov, Ty Lawson, Wilson Chandler",12,54,68,56,74,1440,1632,2,6,-4,192
"21400067","SAC","Ben McLemore, Carl Landry, Darren Collison, DeMarcus Cousins, Rudy Gay",12,82,60,82,61,1792,1802,0,1,-1,10
"21400067","DEN","Arron Afflalo, Kenneth Faried, Nate Robinson, Timofey Mozgov, Wilson Chandler",13,56,74,58,82,1632,1731,2,8,-6,99
"21400067","SAC","Ben McLemore, Carl Landry, Darren Collison, Reggie Evans, Rudy Gay",13,82,61,105,72,1802,2160,23,11,12,358
"21400067","DEN","Arron Afflalo, Darrell Arthur, Nate Robinson, Timofey Mozgov, Wilson Chandler",14,58,82,58,82,1731,1731,0,0,0,0
"21400067","SAC","DeMarcus Cousins, Nik Stauskas, Omri Casspi, Ramon Sessions, Reggie Evans",14,105,72,105,72,2160,2188,0,0,0,28
"21400067","DEN","Arron Afflalo, Darrell Arthur, Nate Robinson, Randy Foye, Wilson Chandler",15,58,82,58,82,1731,1731,0,0,0,0
"21400067","SAC","Nik Stauskas, Omri Casspi, Ramon Sessions, Reggie Evans, Rudy Gay",15,105,72,114,82,2188,2420,9,10,-1,232
"21400067","DEN","Darrell Arthur, JaVale McGee, Nate Robinson, Randy Foye, Wilson Chandler",16,58,82,63,85,1731,1865,5,3,2,134
"21400067","SAC","Jason Thompson, Nik Stauskas, Omri Casspi, Ramon Sessions, Reggie Evans",16,114,82,114,84,2420,2464,0,2,-2,44
"21400067","DEN","Alonzo Gee, Darrell Arthur, JaVale McGee, Nate Robinson, Randy Foye",17,63,85,69,95,1865,2009,6,10,-4,144
"21400067","SAC","Carl Landry, Jason Thompson, Nik Stauskas, Omri Casspi, Ramon Sessions",17,114,84,116,88,2464,2532,2,4,-2,68
"21400067","DEN","Alonzo Gee, JaVale McGee, Nate Robinson, Randy Foye, Wilson Chandler",18,69,95,72,105,2009,2160,3,10,-7,151
"21400067","SAC","Carl Landry, Derrick Williams, Nik Stauskas, Omri Casspi, Ramon Sessions",18,116,88,118,92,2532,2578,2,4,-2,46
"21400067","DEN","Alonzo Gee, Jusuf Nurkic, Kenneth Faried, Randy Foye, Ty Lawson",19,72,105,86,114,2160,2480,14,9,5,320
"21400067","SAC","Carl Landry, Derrick Williams, Nik Stauskas, Omri Casspi, Ray McCallum",19,118,92,118,94,2578,2628,0,2,-2,50
"21400067","DEN","Alonzo Gee, Danilo Gallinari, Jusuf Nurkic, Randy Foye, Ty Lawson",20,86,114,105,127,2480,2828,19,13,6,348
"21400067","SAC","Ben McLemore, Carl Landry, Derrick Williams, Nik Stauskas, Ray McCallum",20,118,94,125,103,2628,2778,7,9,-2,150
"21400067","DEN","Alonzo Gee, Danilo Gallinari, Kenneth Faried, Randy Foye, Ty Lawson",21,105,127,109,131,2828,2880,4,4,0,52
"21400067","SAC","Ben McLemore, Derrick Williams, Nik Stauskas, Ray McCallum, Ryan Hollins",21,125,103,131,109,2778,2880,6,6,0,102
"21400068","GSW","Andrew Bogut, Draymond Green, Harrison Barnes, Klay Thompson, Stephen Curry",0,0,0,7,9,0,312,7,9,-2,312
"21400068","LAC","Blake Griffin, Chris Paul, DeAndre Jordan, JJ Redick, Matt Barnes",0,0,0,11,21,0,504,11,21,-10,504
"21400068","GSW","Andrew Bogut, Draymond Green, Harrison Barnes, Leandro Barbosa, Stephen Curry",1,7,9,21,11,312,504,14,2,12,192
"21400068","LAC","Blake Griffin, Chris Paul, DeAndre Jordan, Jamal Crawford, Matt Barnes",1,11,21,15,23,504,612,4,2,2,108
"21400068","GSW","Andre Iguodala, Andrew Bogut, Harrison Barnes, Leandro Barbosa, Stephen Curry",2,21,11,21,11,504,504,0,0,0,0
"21400068","LAC","Blake Griffin, Chris Paul, Jamal Crawford, Matt Barnes, Spencer Hawes",2,15,23,15,23,612,612,0,0,0,0
"21400068","GSW","Andre Iguodala, Andrew Bogut, David Lee, Leandro Barbosa, Stephen Curry",3,21,11,23,15,504,612,2,4,-2,108
"21400068","LAC","Blake Griffin, Chris Paul, Jamal Crawford, Reggie Bullock, Spencer Hawes",3,15,23,20,27,612,706,5,4,1,94
"21400068","GSW","Andre Iguodala, Andrew Bogut, David Lee, Leandro Barbosa, Shaun Livingston",4,23,15,23,15,612,612,0,0,0,0
"21400068","LAC","Blake Griffin, Jamal Crawford, Jordan Farmar, Reggie Bullock, Spencer Hawes",4,20,27,25,38,706,862,5,11,-6,156
"21400068","GSW","Andre Iguodala, David Lee, Festus Ezeli, Leandro Barbosa, Shaun Livingston",5,23,15,38,27,612,892,15,12,3,280
"21400068","LAC","DeAndre Jordan, Jamal Crawford, Jordan Farmar, Reggie Bullock, Spencer Hawes",5,25,38,29,38,862,1002,4,0,4,140
"21400068","GSW","Andre Iguodala, David Lee, Festus Ezeli, Klay Thompson, Shaun Livingston",6,38,27,38,27,892,909,0,0,0,17
"21400068","LAC","Chris Paul, DeAndre Jordan, Jamal Crawford, Reggie Bullock, Spencer Hawes",6,29,38,29,43,1002,1078,0,5,-5,76
"21400068","GSW","Andre Iguodala, Draymond Green, Festus Ezeli, Klay Thompson, Shaun Livingston",7,38,27,38,29,909,1002,0,2,-2,93
"21400068","LAC","Chris Paul, DeAndre Jordan, Jamal Crawford, JJ Redick, Spencer Hawes",7,29,43,29,43,1078,1078,0,0,0,0
"21400068","GSW","Andre Iguodala, Andrew Bogut, Draymond Green, Klay Thompson, Shaun Livingston",8,38,29,38,29,1002,1002,0,0,0,0
"21400068","LAC","Blake Griffin, Chris Paul, DeAndre Jordan, Jamal Crawford, JJ Redick",8,29,43,31,48,1078,1162,2,5,-3,84
"21400068","GSW","Andre Iguodala, Andrew Bogut, Draymond Green, Klay Thompson, Stephen Curry",9,38,29,48,31,1002,1162,10,2,8,160
"21400068","LAC","Blake Griffin, Chris Paul, DeAndre Jordan, JJ Redick, Matt Barnes",9,31,48,55,82,1162,1796,24,34,-10,634
"21400068","GSW","Andrew Bogut, Draymond Green, Harrison Barnes, Klay Thompson, Stephen Curry",10,48,31,79,55,1162,1729,31,24,7,567
"21400068","LAC","Blake Griffin, Chris Paul, DeAndre Jordan, Jamal Crawford, JJ Redick",10,55,82,60,84,1796,1842,5,2,3,46
"21400068","GSW","Andrew Bogut, Draymond Green, Harrison Barnes, Klay Thompson, Shaun Livingston",11,79,55,79,55,1729,1729,0,0,0,0
"21400068","LAC","Blake Griffin, Chris Paul, Jamal Crawford, JJ Redick, Spencer Hawes",11,60,84,66,90,1842,1983,6,6,0,141
"21400068","GSW","Andre Iguodala, Andrew Bogut, Draymond Green, Klay Thompson, Shaun Livingston",12,79,55,84,60,1729,1842,5,5,0,113
"21400068","LAC","Blake Griffin, Chris Paul, Jamal Crawford, Jordan Farmar, Spencer Hawes",12,66,90,73,97,1983,2094,7,7,0,111
"21400068","GSW","Andre Iguodala, Andrew Bogut, Harrison Barnes, Klay Thompson, Shaun Livingston",13,84,60,88,65,1842,1959,4,5,-1,117
"21400068","LAC","Chris Paul, DeAndre Jordan, Jamal Crawford, Jordan Farmar, Spencer Hawes",13,73,97,75,102,2094,2160,2,5,-3,66
"21400068","GSW","Andre Iguodala, Festus Ezeli, Harrison Barnes, Klay Thompson, Shaun Livingston",14,88,65,94,71,1959,2072,6,6,0,113
"21400068","LAC","DeAndre Jordan, Jamal Crawford, Jordan Farmar, Reggie Bullock, Spencer Hawes",14,75,102,80,104,2160,2305,5,2,3,145
"21400068","GSW","Andre Iguodala, Festus Ezeli, Harrison Barnes, Klay Thompson, Stephen Curry",15,94,71,94,71,2072,2072,0,0,0,0
"21400068","LAC","DeAndre Jordan, Jamal Crawford, Jared Cunningham, Jordan Farmar, Spencer Hawes",15,80,104,94,108,2305,2617,14,4,10,312
"21400068","GSW","Andre Iguodala, Festus Ezeli, Harrison Barnes, Leandro Barbosa, Stephen Curry",16,94,71,102,75,2072,2160,8,4,4,88
"21400068","LAC","Chris Douglas-Roberts, DeAndre Jordan, Jared Cunningham, Jordan Farmar, Spencer Hawes",16,94,108,95,108,2617,2643,1,0,1,26
"21400068","GSW","Andre Iguodala, Andrew Bogut, Harrison Barnes, Leandro Barbosa, Stephen Curry",17,102,75,102,75,2160,2177,0,0,0,17
"21400068","LAC","Chris Douglas-Roberts, Hedo Turkoglu, Jared Cunningham, Jordan Farmar, Spencer Hawes",17,95,108,98,119,2643,2764,3,11,-8,121
"21400068","GSW","Andre Iguodala, Andrew Bogut, Draymond Green, Leandro Barbosa, Stephen Curry",18,102,75,104,80,2177,2305,2,5,-3,128
"21400068","LAC","Chris Douglas-Roberts, Hedo Turkoglu, Jared Cunningham, Jordan Farmar, Reggie Bullock",18,98,119,104,121,2764,2880,6,2,4,116
"21400068","GSW","Andrew Bogut, Draymond Green, Leandro Barbosa, Shaun Livingston, Stephen Curry",19,104,80,108,89,2305,2437,4,9,-5,132
"21400068","GSW","Andrew Bogut, Brandon Rush, Draymond Green, Shaun Livingston, Stephen Curry",20,108,89,108,89,2437,2437,0,0,0,0
"21400068","GSW","Andrew Bogut, Brandon Rush, Draymond Green, Klay Thompson, Stephen Curry",21,108,89,108,94,2437,2617,0,5,-5,180
"21400068","GSW","Andrew Bogut, Draymond Green, Klay Thompson, Shaun Livingston, Stephen Curry",22,108,94,108,95,2617,2643,0,1,-1,26
"21400068","GSW","Draymond Green, Harrison Barnes, Klay Thompson, Shaun Livingston, Stephen Curry",23,108,95,119,98,2643,2762,11,3,8,119
"21400068","GSW","Brandon Rush, Draymond Green, Harrison Barnes, Shaun Livingston, Stephen Curry",24,119,98,119,98,2762,2762,0,0,0,0
"21400068","GSW","Brandon Rush, Draymond Green, Harrison Barnes, Leandro Barbosa, Shaun Livingston",25,119,98,121,104,2762,2880,2,6,-4,118
"21400069","HOU","Donatas Motiejunas, Dwight Howard, Isaiah Canaan, James Harden, Trevor Ariza",0,0,0,6,13,0,510,6,13,-7,510
"21400069","SAS","Aron Baynes, Danny Green, Kawhi Leonard, Matt Bonner, Tony Parker",0,0,0,9,2,0,368,9,2,7,368
"21400069","HOU","Dwight Howard, Isaiah Canaan, James Harden, Jason Terry, Trevor Ariza",1,6,13,6,13,510,510,0,0,0,0
"21400069","SAS","Aron Baynes, Kawhi Leonard, Kyle Anderson, Matt Bonner, Tony Parker",1,9,2,13,6,368,510,4,4,0,142
"21400069","HOU","Isaiah Canaan, James Harden, Jason Terry, Tarik Black, Trevor Ariza",2,6,13,6,13,510,510,0,0,0,0
"21400069","SAS","Aron Baynes, Jeff Ayres, Kawhi Leonard, Kyle Anderson, Tony Parker",2,13,6,13,6,510,510,0,0,0,0
"21400069","HOU","James Harden, Jason Terry, Kostas Papanikolaou, Tarik Black, Trevor Ariza",3,6,13,15,18,510,720,9,5,4,210
"21400069","SAS","Boris Diaw, Jeff Ayres, Kawhi Leonard, Kyle Anderson, Tony Parker",3,13,6,13,6,510,510,0,0,0,0
"21400069","HOU","Dwight Howard, Jason Terry, Kostas Papanikolaou, Trevor Ariza, Troy Daniels",4,15,18,17,24,720,849,2,6,-4,129
"21400069","SAS","Boris Diaw, Cory Joseph, Jeff Ayres, Kawhi Leonard, Kyle Anderson",4,13,6,18,15,510,716,5,9,-4,206
"21400069","HOU","Dwight Howard, Isaiah Canaan, Jason Terry, Kostas Papanikolaou, Troy Daniels",5,17,24,24,32,849,983,7,8,-1,134
"21400069","SAS","Austin Daye, Boris Diaw, Cory Joseph, Jeff Ayres, Kyle Anderson",5,18,15,20,17,716,813,2,2,0,97
"21400069","HOU","Dwight Howard, Isaiah Canaan, James Harden, Kostas Papanikolaou, Troy Daniels",6,24,32,24,32,983,983,0,0,0,0
"21400069","SAS","Austin Daye, Cory Joseph, Jeff Ayres, Kyle Anderson, Matt Bonner",6,20,17,20,17,813,813,0,0,0,0
"21400069","HOU","Donatas Motiejunas, Dwight Howard, Isaiah Canaan, James Harden, Kostas Papanikolaou",7,24,32,24,36,983,1162,0,4,-4,179
"21400069","SAS","Cory Joseph, Jeff Ayres, Kyle Anderson, Matt Bonner, Tony Parker",7,20,17,26,17,813,875,6,0,6,62
"21400069","HOU","Donatas Motiejunas, Dwight Howard, Isaiah Canaan, James Harden, Trevor Ariza",8,24,36,24,38,1162,1196,0,2,-2,34
"21400069","SAS","Cory Joseph, Danny Green, Jeff Ayres, Kyle Anderson, Tony Parker",8,26,17,32,24,875,983,6,7,-1,108
"21400069","HOU","Donatas Motiejunas, Dwight Howard, James Harden, Jason Terry, Trevor Ariza",9,24,38,29,45,1196,1440,5,7,-2,244
"21400069","SAS","Danny Green, Jeff Ayres, Kawhi Leonard, Kyle Anderson, Tony Parker",9,32,24,34,24,983,1089,2,0,2,106
"21400069","HOU","Donatas Motiejunas, Dwight Howard, Isaiah Canaan, James Harden, Trevor Ariza",10,29,45,41,64,1440,1765,12,19,-7,325
"21400069","SAS","Boris Diaw, Danny Green, Jeff Ayres, Kawhi Leonard, Tony Parker",10,34,24,34,24,1089,1089,0,0,0,0
"21400069","HOU","Donatas Motiejunas, Dwight Howard, Isaiah Canaan, James Harden, Kostas Papanikolaou",11,41,64,43,68,1765,1834,2,4,-2,69
"21400069","SAS","Aron Baynes, Boris Diaw, Danny Green, Kawhi Leonard, Tony Parker",11,34,24,40,27,1089,1298,6,3,3,209
"21400069","HOU","Donatas Motiejunas, Dwight Howard, James Harden, Jason Terry, Kostas Papanikolaou",12,43,68,45,72,1834,1891,2,4,-2,57
"21400069","SAS","Aron Baynes, Austin Daye, Boris Diaw, Danny Green, Tony Parker",12,40,27,40,27,1298,1298,0,0,0,0
"21400069","HOU","Donatas Motiejunas, Dwight Howard, Jason Terry, Kostas Papanikolaou, Trevor Ariza",13,45,72,49,75,1891,1992,4,3,1,101
"21400069","SAS","Aron Baynes, Austin Daye, Boris Diaw, Danny Green, Kyle Anderson",13,40,27,40,27,1298,1298,0,0,0,0
"21400069","HOU","Dwight Howard, James Harden, Jason Terry, Kostas Papanikolaou, Trevor Ariza",14,49,75,49,75,1992,1992,0,0,0,0
"21400069","SAS","Aron Baynes, Austin Daye, Cory Joseph, Danny Green, Kyle Anderson",14,40,27,45,29,1298,1440,5,2,3,142
"21400069","HOU","James Harden, Jason Terry, Kostas Papanikolaou, Tarik Black, Trevor Ariza",15,49,75,55,81,1992,2160,6,6,0,168
"21400069","SAS","Aron Baynes, Boris Diaw, Danny Green, Kawhi Leonard, Tony Parker",15,45,29,62,41,1440,1746,17,12,5,306
"21400069","HOU","Dwight Howard, James Harden, Jason Terry, Kostas Papanikolaou, Trevor Ariza",16,55,81,55,84,2160,2336,0,3,-3,176
"21400069","SAS","Aron Baynes, Boris Diaw, Danny Green, Kyle Anderson, Tony Parker",16,62,41,64,41,1746,1765,2,0,2,19
"21400069","HOU","James Harden, Jason Terry, Kostas Papanikolaou, Tarik Black, Trevor Ariza",17,55,84,55,84,2336,2336,0,0,0,0
"21400069","SAS","Aron Baynes, Boris Diaw, Cory Joseph, Kyle Anderson, Tony Parker",17,64,41,68,43,1765,1834,4,2,2,69
"21400069","HOU","Jason Terry, Kostas Papanikolaou, Tarik Black, Trevor Ariza, Troy Daniels",18,55,84,59,84,2336,2360,4,0,4,24
"21400069","SAS","Boris Diaw, Cory Joseph, Jeff Ayres, Kyle Anderson, Tony Parker",18,68,43,75,49,1834,1992,7,6,1,158
"21400069","HOU","Isaiah Canaan, Jason Terry, Kostas Papanikolaou, Tarik Black, Troy Daniels",19,59,84,59,84,2360,2360,0,0,0,0
"21400069","SAS","Boris Diaw, Cory Joseph, Jeff Ayres, Kawhi Leonard, Kyle Anderson",19,75,49,81,55,1992,2160,6,6,0,168
"21400069","HOU","Francisco Garcia, Isaiah Canaan, Kostas Papanikolaou, Tarik Black, Troy Daniels",20,59,84,68,87,2360,2507,9,3,6,147
"21400069","SAS","Austin Daye, Boris Diaw, Jeff Ayres, Kawhi Leonard, Kyle Anderson",20,81,55,81,55,2160,2257,0,0,0,97
"21400069","HOU","Clint Capela, Francisco Garcia, Isaiah Canaan, Kostas Papanikolaou, Troy Daniels",21,68,87,73,91,2507,2691,5,4,1,184
"21400069","SAS","Austin Daye, Cory Joseph, Jeff Ayres, Kawhi Leonard, Kyle Anderson",21,81,55,81,55,2257,2270,0,0,0,13
"21400069","HOU","Clint Capela, Francisco Garcia, Kostas Papanikolaou, Nick Johnson, Troy Daniels",22,73,91,73,91,2691,2691,0,0,0,0
"21400069","SAS","Aron Baynes, Austin Daye, Cory Joseph, Kawhi Leonard, Kyle Anderson",22,81,55,81,55,2270,2270,0,0,0,0
"21400069","HOU","Clint Capela, Francisco Garcia, Joey Dorsey, Nick Johnson, Troy Daniels",23,73,91,81,98,2691,2880,8,7,1,189
"21400069","SAS","Aron Baynes, Austin Daye, Cory Joseph, Danny Green, Kawhi Leonard",23,81,55,84,59,2270,2393,3,4,-1,123
"21400069","SAS","Aron Baynes, Austin Daye, Cory Joseph, Danny Green, Kyle Anderson",24,84,59,87,68,2393,2538,3,9,-6,145
"21400069","SAS","Aron Baynes, Austin Daye, Cory Joseph, Jeff Ayres, Kyle Anderson",25,87,68,87,68,2538,2538,0,0,0,0
"21400069","SAS","Aron Baynes, Austin Daye, Jeff Ayres, Kyle Anderson, Matt Bonner",26,87,68,98,81,2538,2880,11,13,-2,342
"21400070","DAL","Chandler Parsons, Dirk Nowitzki, Jameer Nelson, Monta Ellis, Tyson Chandler",0,0,0,8,11,0,391,8,11,-3,391
"21400070","POR","Damian Lillard, LaMarcus Aldridge, Nicolas Batum, Robin Lopez, Wesley Matthews",0,0,0,13,12,0,498,13,12,1,498
"21400070","DAL","Chandler Parsons, Devin Harris, Jameer Nelson, Monta Ellis, Tyson Chandler",1,8,11,14,13,391,538,6,2,4,147
"21400070","POR","Damian Lillard, LaMarcus Aldridge, Nicolas Batum, Robin Lopez, Steve Blake",1,13,12,13,12,498,498,0,0,0,0
"21400070","DAL","Brandan Wright, Chandler Parsons, Devin Harris, Jameer Nelson, Monta Ellis",2,14,13,14,13,538,538,0,0,0,0
"21400070","POR","Chris Kaman, Damian Lillard, LaMarcus Aldridge, Nicolas Batum, Steve Blake",2,13,12,17,16,498,618,4,4,0,120
"21400070","DAL","Al-Farouq Aminu, Brandan Wright, Chandler Parsons, Devin Harris, Monta Ellis",3,14,13,16,17,538,618,2,4,-2,80
"21400070","POR","Chris Kaman, LaMarcus Aldridge, Nicolas Batum, Steve Blake, Will Barton",3,17,16,17,16,618,618,0,0,0,0
"21400070","DAL","Al-Farouq Aminu, Brandan Wright, Chandler Parsons, Devin Harris, J.J. Barea",4,16,17,16,17,618,618,0,0,0,0
"21400070","POR","Chris Kaman, CJ McCollum, LaMarcus Aldridge, Steve Blake, Will Barton",4,17,16,24,20,618,720,7,4,3,102
"21400070","DAL","Al-Farouq Aminu, Brandan Wright, Devin Harris, Dirk Nowitzki, J.J. Barea",5,16,17,33,31,618,941,17,14,3,323
"21400070","POR","Chris Kaman, CJ McCollum, Steve Blake, Thomas Robinson, Will Barton",5,24,20,31,33,720,941,7,13,-6,221
"21400070","DAL","Al-Farouq Aminu, Brandan Wright, Devin Harris, Dirk Nowitzki, Monta Ellis",6,33,31,33,31,941,946,0,0,0,5
"21400070","POR","Chris Kaman, CJ McCollum, Steve Blake, Thomas Robinson, Wesley Matthews",6,31,33,33,33,941,981,2,0,2,40
"21400070","DAL","Al-Farouq Aminu, Devin Harris, Dirk Nowitzki, Monta Ellis, Tyson Chandler",7,33,31,33,33,946,968,0,2,-2,22
"21400070","POR","Chris Kaman, Damian Lillard, Steve Blake, Thomas Robinson, Wesley Matthews",7,33,33,35,34,981,996,2,1,1,15
"21400070","DAL","Al-Farouq Aminu, Chandler Parsons, Devin Harris, Monta Ellis, Tyson Chandler",8,33,33,34,35,968,1068,1,2,-1,100
"21400070","POR","Damian Lillard, Robin Lopez, Steve Blake, Thomas Robinson, Wesley Matthews",8,35,34,35,34,996,1047,0,0,0,51
"21400070","DAL","Al-Farouq Aminu, Chandler Parsons, Jameer Nelson, Monta Ellis, Tyson Chandler",9,34,35,36,40,1068,1234,2,5,-3,166
"21400070","POR","Damian Lillard, LaMarcus Aldridge, Robin Lopez, Steve Blake, Wesley Matthews",9,35,34,35,34,1047,1047,0,0,0,0
"21400070","DAL","Al-Farouq Aminu, Chandler Parsons, Devin Harris, Jameer Nelson, Tyson Chandler",10,36,40,36,40,1234,1234,0,0,0,0
"21400070","POR","Damian Lillard, LaMarcus Aldridge, Nicolas Batum, Robin Lopez, Wesley Matthews",10,35,34,45,42,1047,1375,10,8,2,328
"21400070","DAL","Chandler Parsons, Devin Harris, Dirk Nowitzki, Jameer Nelson, Tyson Chandler",11,36,40,44,50,1234,1429,8,10,-2,195
"21400070","POR","Chris Kaman, Damian Lillard, Nicolas Batum, Robin Lopez, Wesley Matthews",11,45,42,48,42,1375,1386,3,0,3,11
"21400070","DAL","Al-Farouq Aminu, Chandler Parsons, Devin Harris, Jameer Nelson, Tyson Chandler",12,44,50,44,50,1429,1429,0,0,0,0
"21400070","POR","Damian Lillard, LaMarcus Aldridge, Nicolas Batum, Robin Lopez, Wesley Matthews",12,48,42,50,44,1386,1429,2,2,0,43
"21400070","DAL","Al-Farouq Aminu, Devin Harris, Jameer Nelson, Richard Jefferson, Tyson Chandler",13,44,50,46,50,1429,1440,2,0,2,11
"21400070","POR","CJ McCollum, Damian Lillard, LaMarcus Aldridge, Nicolas Batum, Wesley Matthews",13,50,44,50,46,1429,1440,0,2,-2,11
"21400070","DAL","Chandler Parsons, Dirk Nowitzki, Jameer Nelson, Monta Ellis, Tyson Chandler",14,46,50,46,50,1440,1448,0,0,0,8
"21400070","POR","Damian Lillard, LaMarcus Aldridge, Nicolas Batum, Robin Lopez, Wesley Matthews",14,50,46,59,71,1440,1886,9,25,-16,446
"21400070","DAL","Chandler Parsons, Devin Harris, Dirk Nowitzki, Jameer Nelson, Tyson Chandler",15,46,50,65,55,1448,1760,19,5,14,312
"21400070","POR","LaMarcus Aldridge, Nicolas Batum, Robin Lopez, Steve Blake, Wesley Matthews",15,59,71,64,71,1886,1962,5,0,5,76
"21400070","DAL","Devin Harris, Dirk Nowitzki, Jameer Nelson, Monta Ellis, Tyson Chandler",16,65,55,65,57,1760,1806,0,2,-2,46
"21400070","POR","Chris Kaman, LaMarcus Aldridge, Nicolas Batum, Steve Blake, Wesley Matthews",16,64,71,64,71,1962,1962,0,0,0,0
"21400070","DAL","Chandler Parsons, Devin Harris, Jameer Nelson, Monta Ellis, Tyson Chandler",17,65,57,71,59,1806,1886,6,2,4,80
"21400070","POR","Chris Kaman, CJ McCollum, LaMarcus Aldridge, Nicolas Batum, Steve Blake",17,64,71,66,78,1962,2128,2,7,-5,166
"21400070","DAL","Chandler Parsons, Devin Harris, Monta Ellis, Richard Jefferson, Tyson Chandler",18,71,59,71,64,1886,1962,0,5,-5,76
"21400070","POR","Chris Kaman, CJ McCollum, Damian Lillard, Nicolas Batum, Steve Blake",18,66,78,68,81,2128,2156,2,3,-1,28
"21400070","DAL","Brandan Wright, Chandler Parsons, Devin Harris, Monta Ellis, Richard Jefferson",19,71,64,78,66,1962,2100,7,2,5,138
"21400070","POR","Chris Kaman, Damian Lillard, LaMarcus Aldridge, Nicolas Batum, Steve Blake",19,68,81,68,81,2156,2160,0,0,0,4
"21400070","DAL","Brandan Wright, Devin Harris, Dirk Nowitzki, Monta Ellis, Richard Jefferson",20,78,66,78,66,2100,2100,0,0,0,0
"21400070","POR","Chris Kaman, CJ McCollum, Damian Lillard, Steve Blake, Thomas Robinson",20,68,81,74,98,2160,2516,6,17,-11,356
"21400070","DAL","Brandan Wright, Devin Harris, Dirk Nowitzki, J.J. Barea, Monta Ellis",21,78,66,81,68,2100,2156,3,2,1,56
"21400070","POR","Chris Kaman, CJ McCollum, Steve Blake, Thomas Robinson, Will Barton",21,74,98,74,98,2516,2516,0,0,0,0
"21400070","DAL","Brandan Wright, Devin Harris, Dirk Nowitzki, J.J. Barea, Jameer Nelson",22,81,68,81,68,2156,2160,0,0,0,4
"21400070","POR","Chris Kaman, CJ McCollum, Joel Freeland, Thomas Robinson, Will Barton",22,74,98,74,98,2516,2516,0,0,0,0
"21400070","DAL","Al-Farouq Aminu, Brandan Wright, Dirk Nowitzki, J.J. Barea, Monta Ellis",23,81,68,88,70,2160,2277,7,2,5,117
"21400070","POR","CJ McCollum, Joel Freeland, Meyers Leonard, Thomas Robinson, Will Barton",23,74,98,74,98,2516,2516,0,0,0,0
"21400070","DAL","Al-Farouq Aminu, Dirk Nowitzki, J.J. Barea, Monta Ellis, Tyson Chandler",24,88,70,88,70,2277,2277,0,0,0,0
"21400070","POR","CJ McCollum, Dorell Wright, Joel Freeland, Meyers Leonard, Will Barton",24,74,98,76,101,2516,2658,2,3,-1,142
"21400070","DAL","Al-Farouq Aminu, Dirk Nowitzki, Jameer Nelson, Monta Ellis, Tyson Chandler",25,88,70,92,74,2277,2422,4,4,0,145
"21400070","POR","CJ McCollum, Dorell Wright, Meyers Leonard, Thomas Robinson, Will Barton",25,76,101,80,107,2658,2755,4,6,-2,97
"21400070","DAL","Al-Farouq Aminu, Chandler Parsons, Jameer Nelson, Monta Ellis, Tyson Chandler",26,92,74,95,74,2422,2438,3,0,3,16
"21400070","POR","CJ McCollum, Dorell Wright, Joel Freeland, Meyers Leonard, Will Barton",26,80,107,87,108,2755,2880,7,1,6,125
"21400070","DAL","Al-Farouq Aminu, Jae Crowder, Jameer Nelson, Monta Ellis, Tyson Chandler",27,95,74,95,74,2438,2438,0,0,0,0
"21400070","DAL","Al-Farouq Aminu, Greg Smith, Jae Crowder, Jameer Nelson, Monta Ellis",28,95,74,95,74,2438,2438,0,0,0,0
"21400070","DAL","Al-Farouq Aminu, Greg Smith, Jae Crowder, Jameer Nelson, Richard Jefferson",29,95,74,95,74,2438,2438,0,0,0,0
"21400070","DAL","Al-Farouq Aminu, Charlie Villanueva, Greg Smith, Jae Crowder, Richard Jefferson",30,95,74,95,74,2438,2438,0,0,0,0
"21400070","DAL","Charlie Villanueva, Greg Smith, J.J. Barea, Jae Crowder, Richard Jefferson",31,95,74,108,87,2438,2880,13,13,0,442
"21400071","ATL","Al Horford, DeMarre Carroll, Jeff Teague, Kyle Korver, Paul Millsap",0,0,0,16,9,0,345,16,9,7,345
"21400071","CHA","Al Jefferson, Kemba Walker, Lance Stephenson, Marvin Williams, Michael Kidd-Gilchrist",0,0,0,9,18,0,383,9,18,-9,383
"21400071","ATL","DeMarre Carroll, Jeff Teague, Kyle Korver, Paul Millsap, Pero Antic",1,16,9,18,9,345,383,2,0,2,38
"21400071","CHA","Al Jefferson, Kemba Walker, Lance Stephenson, Marvin Williams, PJ Hairston",1,9,18,9,18,383,383,0,0,0,0
"21400071","ATL","DeMarre Carroll, Jeff Teague, Paul Millsap, Pero Antic, Thabo Sefolosha",2,18,9,19,15,383,475,1,6,-5,92
"21400071","CHA","Al Jefferson, Cody Zeller, Kemba Walker, Lance Stephenson, PJ Hairston",2,9,18,15,19,383,444,6,1,5,61
"21400071","ATL","Jeff Teague, Paul Millsap, Pero Antic, Shelvin Mack, Thabo Sefolosha",3,19,15,21,15,475,509,2,0,2,34
"21400071","CHA","Cody Zeller, Jason Maxiell, Kemba Walker, Lance Stephenson, PJ Hairston",3,15,19,15,19,444,475,0,0,0,31
"21400071","ATL","Dennis Schroder, Paul Millsap, Pero Antic, Shelvin Mack, Thabo Sefolosha",4,21,15,21,15,509,555,0,0,0,46
"21400071","CHA","Cody Zeller, Gary Neal, Jason Maxiell, Kemba Walker, PJ Hairston",4,15,19,15,21,475,581,0,2,-2,106
"21400071","ATL","Dennis Schroder, Mike Scott, Pero Antic, Shelvin Mack, Thabo Sefolosha",5,21,15,21,17,555,621,0,2,-2,66
"21400071","CHA","Brian Roberts, Cody Zeller, Gary Neal, Jason Maxiell, PJ Hairston",5,15,21,22,29,581,720,7,8,-1,139
"21400071","ATL","Al Horford, Dennis Schroder, Mike Scott, Shelvin Mack, Thabo Sefolosha",6,21,17,21,17,621,621,0,0,0,0
"21400071","CHA","Brian Roberts, Cody Zeller, Gary Neal, Jason Maxiell, Lance Stephenson",6,22,29,29,29,720,891,7,0,7,171
"21400071","ATL","Al Horford, Dennis Schroder, Kyle Korver, Mike Scott, Thabo Sefolosha",7,21,17,29,24,621,796,8,7,1,175
"21400071","CHA","Brian Roberts, Gary Neal, Jason Maxiell, Lance Stephenson, Marvin Williams",7,29,29,31,32,891,993,2,3,-1,102
"21400071","ATL","Al Horford, DeMarre Carroll, Dennis Schroder, Kyle Korver, Mike Scott",8,29,24,29,31,796,924,0,7,-7,128
"21400071","CHA","Al Jefferson, Brian Roberts, Gary Neal, Lance Stephenson, Marvin Williams",8,31,32,31,32,993,993,0,0,0,0
"21400071","ATL","DeMarre Carroll, Dennis Schroder, Kyle Korver, Mike Scott, Paul Millsap",9,29,31,29,31,924,924,0,0,0,0
"21400071","CHA","Al Jefferson, Brian Roberts, Lance Stephenson, Marvin Williams, Michael Kidd-Gilchrist",9,31,32,32,32,993,1062,1,0,1,69
"21400071","ATL","DeMarre Carroll, Jeff Teague, Kyle Korver, Mike Scott, Paul Millsap",10,29,31,29,31,924,924,0,0,0,0
"21400071","CHA","Al Jefferson, Kemba Walker, Lance Stephenson, Marvin Williams, Michael Kidd-Gilchrist",10,32,32,45,40,1062,1285,13,8,5,223
"21400071","ATL","DeMarre Carroll, Jeff Teague, Kyle Korver, Paul Millsap, Pero Antic",11,29,31,34,34,924,1116,5,3,2,192
"21400071","CHA","Al Jefferson, Gary Neal, Kemba Walker, Lance Stephenson, Marvin Williams",11,45,40,47,50,1285,1440,2,10,-8,155
"21400071","ATL","Al Horford, DeMarre Carroll, Jeff Teague, Paul Millsap, Pero Antic",12,34,34,34,34,1116,1116,0,0,0,0
"21400071","CHA","Al Jefferson, Kemba Walker, Lance Stephenson, Marvin Williams, Michael Kidd-Gilchrist",12,47,50,61,58,1440,1801,14,8,6,361
"21400071","ATL","Al Horford, DeMarre Carroll, Jeff Teague, Paul Millsap, Thabo Sefolosha",13,34,34,40,45,1116,1273,6,11,-5,157
"21400071","CHA","Al Jefferson, Kemba Walker, Lance Stephenson, Marvin Williams, PJ Hairston",13,61,58,63,61,1801,1855,2,3,-1,54
"21400071","ATL","Al Horford, DeMarre Carroll, Jeff Teague, Kyle Korver, Paul Millsap",14,40,45,50,47,1273,1438,10,2,8,165
"21400071","CHA","Al Jefferson, Cody Zeller, Kemba Walker, Lance Stephenson, PJ Hairston",14,63,61,63,64,1855,1915,0,3,-3,60
"21400071","ATL","Al Horford, Jeff Teague, Kyle Korver, Paul Millsap, Shelvin Mack",15,50,47,50,47,1438,1440,0,0,0,2
"21400071","CHA","Al Jefferson, Cody Zeller, Gary Neal, Kemba Walker, PJ Hairston",15,63,64,63,64,1915,1915,0,0,0,0
"21400071","ATL","Al Horford, DeMarre Carroll, Jeff Teague, Kyle Korver, Paul Millsap",16,50,47,56,60,1440,1733,6,13,-7,293
"21400071","CHA","Cody Zeller, Gary Neal, Jason Maxiell, Kemba Walker, PJ Hairston",16,63,64,65,69,1915,2033,2,5,-3,118
"21400071","ATL","Al Horford, Jeff Teague, Kyle Korver, Paul Millsap, Thabo Sefolosha",17,56,60,56,60,1733,1733,0,0,0,0
"21400071","CHA","Brian Roberts, Cody Zeller, Gary Neal, Jason Maxiell, PJ Hairston",17,65,69,73,78,2033,2201,8,9,-1,168
"21400071","ATL","Jeff Teague, Kyle Korver, Paul Millsap, Pero Antic, Thabo Sefolosha",18,56,60,65,63,1733,1952,9,3,6,219
"21400071","CHA","Brian Roberts, Cody Zeller, Gary Neal, Jason Maxiell, Michael Kidd-Gilchrist",18,73,78,75,80,2201,2319,2,2,0,118
"21400071","ATL","DeMarre Carroll, Jeff Teague, Paul Millsap, Pero Antic, Thabo Sefolosha",19,65,63,69,65,1952,2033,4,2,2,81
"21400071","CHA","Al Jefferson, Brian Roberts, Cody Zeller, Gary Neal, Michael Kidd-Gilchrist",19,75,80,75,80,2319,2319,0,0,0,0
"21400071","ATL","DeMarre Carroll, Dennis Schroder, Paul Millsap, Pero Antic, Thabo Sefolosha",20,69,65,69,65,2033,2041,0,0,0,8
"21400071","CHA","Al Jefferson, Brian Roberts, Cody Zeller, Lance Stephenson, Michael Kidd-Gilchrist",20,75,80,79,80,2319,2438,4,0,4,119
"21400071","ATL","DeMarre Carroll, Dennis Schroder, Mike Scott, Pero Antic, Thabo Sefolosha",21,69,65,78,70,2041,2160,9,5,4,119
"21400071","CHA","Al Jefferson, Cody Zeller, Kemba Walker, Lance Stephenson, Michael Kidd-Gilchrist",21,79,80,83,89,2438,2587,4,9,-5,149
"21400071","ATL","Al Horford, DeMarre Carroll, Dennis Schroder, Mike Scott, Thabo Sefolosha",22,78,70,80,75,2160,2319,2,5,-3,159
"21400071","CHA","Al Jefferson, Cody Zeller, Gary Neal, Kemba Walker, Lance Stephenson",22,83,89,97,97,2587,2871,14,8,6,284
"21400071","ATL","Al Horford, DeMarre Carroll, Dennis Schroder, Kyle Korver, Mike Scott",23,80,75,80,79,2319,2450,0,4,-4,131
"21400071","CHA","Cody Zeller, Gary Neal, Kemba Walker, Lance Stephenson, Michael Kidd-Gilchrist",23,97,97,97,97,2871,2871,0,0,0,0
"21400071","ATL","Al Horford, DeMarre Carroll, Kyle Korver, Mike Scott, Paul Millsap",24,80,79,80,79,2450,2450,0,0,0,0
"21400071","CHA","Cody Zeller, Kemba Walker, Lance Stephenson, Marvin Williams, Michael Kidd-Gilchrist",24,97,97,97,97,2871,2880,0,0,0,9
"21400071","ATL","Al Horford, DeMarre Carroll, Jeff Teague, Kyle Korver, Paul Millsap",25,80,79,89,83,2450,2587,9,4,5,137
"21400071","CHA","Al Jefferson, Cody Zeller, Gary Neal, Kemba Walker, Lance Stephenson",25,97,97,108,102,2880,3156,11,5,6,276
"21400071","ATL","DeMarre Carroll, Jeff Teague, Kyle Korver, Paul Millsap, Pero Antic",26,89,83,93,90,2587,2735,4,7,-3,148
"21400071","CHA","Cody Zeller, Gary Neal, Kemba Walker, Lance Stephenson, Marvin Williams",26,108,102,108,102,3156,3156,0,0,0,0
"21400071","ATL","Al Horford, DeMarre Carroll, Jeff Teague, Kyle Korver, Paul Millsap",27,93,90,97,96,2735,2861,4,6,-2,126
"21400071","CHA","Cody Zeller, Kemba Walker, Lance Stephenson, Marvin Williams, Michael Kidd-Gilchrist",27,108,102,108,104,3156,3164,0,2,-2,8
"21400071","ATL","Al Horford, DeMarre Carroll, Jeff Teague, Paul Millsap, Thabo Sefolosha",28,97,96,97,97,2861,2871,0,1,-1,10
"21400071","CHA","Cody Zeller, Gary Neal, Kemba Walker, Lance Stephenson, Marvin Williams",28,108,104,108,104,3164,3164,0,0,0,0
"21400071","ATL","Al Horford, DeMarre Carroll, Kyle Korver, Paul Millsap, Thabo Sefolosha",29,97,97,97,97,2871,2871,0,0,0,0
"21400071","CHA","Al Jefferson, Cody Zeller, Gary Neal, Kemba Walker, Lance Stephenson",29,108,104,108,104,3164,3166,0,0,0,2
"21400071","ATL","Al Horford, Kyle Korver, Mike Scott, Paul Millsap, Thabo Sefolosha",30,97,97,97,97,2871,2871,0,0,0,0
"21400071","CHA","Cody Zeller, Gary Neal, Kemba Walker, Lance Stephenson, Michael Kidd-Gilchrist",30,108,104,108,107,3166,3168,0,3,-3,2
"21400071","ATL","Al Horford, Jeff Teague, Kyle Korver, Mike Scott, Paul Millsap",31,97,97,97,97,2871,2880,0,0,0,9
"21400071","CHA","Cody Zeller, Gary Neal, Kemba Walker, Lance Stephenson, Marvin Williams",31,108,107,108,107,3168,3168,0,0,0,0
"21400071","ATL","Al Horford, DeMarre Carroll, Jeff Teague, Kyle Korver, Paul Millsap",32,97,97,97,100,2880,2942,0,3,-3,62
"21400071","CHA","Al Jefferson, Gary Neal, Kemba Walker, Lance Stephenson, Marvin Williams",32,108,107,110,107,3168,3171,2,0,2,3
"21400071","ATL","Al Horford, Jeff Teague, Kyle Korver, Paul Millsap, Thabo Sefolosha",33,97,100,100,101,2942,2979,3,1,2,37
"21400071","CHA","Cody Zeller, Gary Neal, Kemba Walker, Lance Stephenson, Marvin Williams",33,110,107,110,107,3171,3171,0,0,0,0
"21400071","ATL","Jeff Teague, Kyle Korver, Paul Millsap, Pero Antic, Thabo Sefolosha",34,100,101,102,102,2979,3083,2,1,1,104
"21400071","CHA","Cody Zeller, Kemba Walker, Lance Stephenson, Marvin Williams, Michael Kidd-Gilchrist",34,110,107,110,110,3171,3178,0,3,-3,7
"21400071","ATL","Al Horford, Jeff Teague, Kyle Korver, Paul Millsap, Thabo Sefolosha",35,102,102,102,108,3083,3156,0,6,-6,73
"21400071","CHA","Cody Zeller, Gary Neal, Kemba Walker, Lance Stephenson, Marvin Williams",35,110,110,110,110,3178,3178,0,0,0,0
"21400071","ATL","Jeff Teague, Kyle Korver, Paul Millsap, Pero Antic, Thabo Sefolosha",36,102,108,104,108,3156,3164,2,0,2,8
"21400071","CHA","Al Jefferson, Gary Neal, Kemba Walker, Lance Stephenson, Marvin Williams",36,110,110,110,110,3178,3180,0,0,0,2
"21400071","ATL","Al Horford, Kyle Korver, Paul Millsap, Pero Antic, Thabo Sefolosha",37,104,108,104,108,3164,3166,0,0,0,2
"21400071","CHA","Al Jefferson, Cody Zeller, Gary Neal, Kemba Walker, Lance Stephenson",37,110,110,119,119,3180,3431,9,9,0,251
"21400071","ATL","Al Horford, Jeff Teague, Kyle Korver, Paul Millsap, Pero Antic",38,104,108,107,108,3166,3168,3,0,3,2
"21400071","CHA","Cody Zeller, Gary Neal, Kemba Walker, Lance Stephenson, Marvin Williams",38,119,119,119,119,3431,3465,0,0,0,34
"21400071","ATL","Al Horford, Kent Bazemore, Kyle Korver, Paul Millsap, Pero Antic",39,107,108,107,108,3168,3168,0,0,0,0
"21400071","CHA","Al Jefferson, Cody Zeller, Gary Neal, Kemba Walker, Lance Stephenson",39,119,119,119,119,3465,3478,0,0,0,13
"21400071","ATL","Al Horford, Kent Bazemore, Kyle Korver, Paul Millsap, Thabo Sefolosha",40,107,108,107,110,3168,3171,0,2,-2,3
"21400071","CHA","Cody Zeller, Gary Neal, Kemba Walker, Lance Stephenson, Marvin Williams",40,119,119,119,119,3478,3478,0,0,0,0
"21400071","ATL","Al Horford, Kent Bazemore, Kyle Korver, Paul Millsap, Pero Antic",41,107,110,107,110,3171,3171,0,0,0,0
"21400071","CHA","Cody Zeller, Kemba Walker, Lance Stephenson, Marvin Williams, Michael Kidd-Gilchrist",41,119,119,119,119,3478,3478,0,0,0,0
"21400071","ATL","Al Horford, Kyle Korver, Mike Scott, Paul Millsap, Pero Antic",42,107,110,110,110,3171,3178,3,0,3,7
"21400071","CHA","Al Jefferson, Cody Zeller, Kemba Walker, Lance Stephenson, Marvin Williams",42,119,119,119,119,3478,3478,0,0,0,0
"21400071","ATL","Al Horford, Kyle Korver, Mike Scott, Paul Millsap, Thabo Sefolosha",43,110,110,110,110,3178,3178,0,0,0,0
"21400071","CHA","Al Jefferson, Gary Neal, Kemba Walker, Lance Stephenson, Marvin Williams",43,119,119,122,119,3478,3480,3,0,3,2
"21400071","ATL","Al Horford, Kent Bazemore, Kyle Korver, Paul Millsap, Thabo Sefolosha",44,110,110,110,110,3178,3180,0,0,0,2
"21400071","ATL","Al Horford, Jeff Teague, Kyle Korver, Pero Antic, Thabo Sefolosha",45,110,110,114,113,3180,3307,4,3,1,127
"21400071","ATL","Al Horford, Jeff Teague, Kyle Korver, Paul Millsap, Thabo Sefolosha",46,114,113,116,117,3307,3379,2,4,-2,72
"21400071","ATL","Jeff Teague, Kyle Korver, Paul Millsap, Pero Antic, Thabo Sefolosha",47,116,117,119,119,3379,3465,3,2,1,86
"21400071","ATL","Al Horford, Jeff Teague, Kyle Korver, Paul Millsap, Thabo Sefolosha",48,119,119,119,119,3465,3478,0,0,0,13
"21400071","ATL","Jeff Teague, Kyle Korver, Paul Millsap, Pero Antic, Thabo Sefolosha",49,119,119,119,119,3478,3478,0,0,0,0
"21400071","ATL","Jeff Teague, Kyle Korver, Mike Scott, Paul Millsap, Pero Antic",50,119,119,119,119,3478,3478,0,0,0,0
"21400071","ATL","Kent Bazemore, Kyle Korver, Mike Scott, Paul Millsap, Pero Antic",51,119,119,119,119,3478,3478,0,0,0,0
"21400071","ATL","Kent Bazemore, Kyle Korver, Mike Scott, Paul Millsap, Thabo Sefolosha",52,119,119,119,119,3478,3478,0,0,0,0
"21400071","ATL","Al Horford, Kent Bazemore, Kyle Korver, Paul Millsap, Thabo Sefolosha",53,119,119,119,122,3478,3480,0,3,-3,2
"21400072","MIN","Andrew Wiggins, Kevin Martin, Nikola Pekovic, Ricky Rubio, Thaddeus Young",0,0,0,12,14,0,402,12,14,-2,402
"21400072","ORL","Channing Frye, Elfrid Payton, Evan Fournier, Nikola Vucevic, Tobias Harris",0,0,0,10,12,0,368,10,12,-2,368
"21400072","MIN","Corey Brewer, Kevin Martin, Nikola Pekovic, Ricky Rubio, Thaddeus Young",1,12,14,12,14,402,412,0,0,0,10
"21400072","ORL","Elfrid Payton, Evan Fournier, Maurice Harkless, Nikola Vucevic, Tobias Harris",1,10,12,19,17,368,530,9,5,4,162
"21400072","MIN","Corey Brewer, Gorgui Dieng, Kevin Martin, Ricky Rubio, Thaddeus Young",2,12,14,24,26,412,684,12,12,0,272
"21400072","ORL","Evan Fournier, Luke Ridnour, Maurice Harkless, Nikola Vucevic, Tobias Harris",2,19,17,22,21,530,631,3,4,-1,101
"21400072","MIN","Corey Brewer, Gorgui Dieng, Kevin Martin, Ricky Rubio, Robbie Hummel",3,24,26,27,26,684,720,3,0,3,36
"21400072","ORL","Channing Frye, Evan Fournier, Luke Ridnour, Maurice Harkless, Tobias Harris",3,22,21,26,27,631,720,4,6,-2,89
"21400072","MIN","Corey Brewer, Gorgui Dieng, Mo Williams, Robbie Hummel, Shabazz Muhammad",4,27,26,45,39,720,1161,18,13,5,441
"21400072","ORL","Aaron Gordon, Ben Gordon, Channing Frye, Luke Ridnour, Maurice Harkless",4,26,27,35,37,720,957,9,10,-1,237
"21400072","MIN","Corey Brewer, Gorgui Dieng, Kevin Martin, Mo Williams, Robbie Hummel",5,45,39,45,39,1161,1161,0,0,0,0
"21400072","ORL","Aaron Gordon, Ben Gordon, Channing Frye, Evan Fournier, Luke Ridnour",5,35,37,35,37,957,957,0,0,0,0
"21400072","MIN","Andrew Wiggins, Gorgui Dieng, Kevin Martin, Mo Williams, Robbie Hummel",6,45,39,47,41,1161,1217,2,2,0,56
"21400072","ORL","Aaron Gordon, Ben Gordon, Channing Frye, Elfrid Payton, Evan Fournier",6,35,37,37,41,957,1050,2,4,-2,93
"21400072","MIN","Andrew Wiggins, Gorgui Dieng, Kevin Martin, Mo Williams, Ricky Rubio",7,47,41,47,41,1217,1217,0,0,0,0
"21400072","ORL","Aaron Gordon, Ben Gordon, Elfrid Payton, Evan Fournier, Nikola Vucevic",7,37,41,37,41,1050,1050,0,0,0,0
"21400072","MIN","Andrew Wiggins, Gorgui Dieng, Kevin Martin, Ricky Rubio, Thaddeus Young",8,47,41,50,45,1217,1292,3,4,-1,75
"21400072","ORL","Ben Gordon, Elfrid Payton, Evan Fournier, Nikola Vucevic, Tobias Harris",8,37,41,37,45,1050,1102,0,4,-4,52
"21400072","MIN","Andrew Wiggins, Anthony Bennett, Gorgui Dieng, Kevin Martin, Thaddeus Young",9,50,45,50,45,1292,1293,0,0,0,1
"21400072","ORL","Elfrid Payton, Evan Fournier, Nikola Vucevic, Tobias Harris, Willie Green",9,37,45,47,52,1102,1440,10,7,3,338
"21400072","MIN","Andrew Wiggins, Gorgui Dieng, Kevin Martin, Mo Williams, Thaddeus Young",10,50,45,52,47,1293,1440,2,2,0,147
"21400072","ORL","Channing Frye, Elfrid Payton, Evan Fournier, Nikola Vucevic, Tobias Harris",10,47,52,64,66,1440,1891,17,14,3,451
"21400072","MIN","Andrew Wiggins, Kevin Martin, Mo Williams, Nikola Pekovic, Thaddeus Young",11,52,47,68,67,1440,1950,16,20,-4,510
"21400072","ORL","Elfrid Payton, Evan Fournier, Maurice Harkless, Nikola Vucevic, Tobias Harris",11,64,66,64,66,1891,1891,0,0,0,0
"21400072","MIN","Andrew Wiggins, Kevin Martin, Nikola Pekovic, Thaddeus Young, Zach LaVine",12,68,67,72,70,1950,2022,4,3,1,72
"21400072","ORL","Ben Gordon, Elfrid Payton, Maurice Harkless, Nikola Vucevic, Tobias Harris",12,64,66,72,72,1891,2069,8,6,2,178
"21400072","MIN","Corey Brewer, Kevin Martin, Nikola Pekovic, Thaddeus Young, Zach LaVine",13,72,70,72,72,2022,2069,0,2,-2,47
"21400072","ORL","Ben Gordon, Luke Ridnour, Maurice Harkless, Nikola Vucevic, Tobias Harris",13,72,72,74,77,2069,2160,2,5,-3,91
"21400072","MIN","Corey Brewer, Gorgui Dieng, Kevin Martin, Thaddeus Young, Zach LaVine",14,72,72,77,74,2069,2126,5,2,3,57
"21400072","ORL","Aaron Gordon, Ben Gordon, Channing Frye, Luke Ridnour, Maurice Harkless",14,74,77,81,81,2160,2263,7,4,3,103
"21400072","MIN","Corey Brewer, Gorgui Dieng, Kevin Martin, Robbie Hummel, Zach LaVine",15,77,74,79,79,2126,2226,2,5,-3,100
"21400072","ORL","Aaron Gordon, Ben Gordon, Channing Frye, Elfrid Payton, Maurice Harkless",15,81,81,85,83,2263,2446,4,2,2,183
"21400072","MIN","Corey Brewer, Gorgui Dieng, Robbie Hummel, Shabazz Muhammad, Zach LaVine",16,79,79,81,85,2226,2416,2,6,-4,190
"21400072","ORL","Aaron Gordon, Ben Gordon, Channing Frye, Luke Ridnour, Maurice Harkless",16,85,83,85,87,2446,2535,0,4,-4,89
"21400072","MIN","Corey Brewer, Gorgui Dieng, Shabazz Muhammad, Thaddeus Young, Zach LaVine",17,81,85,81,85,2416,2416,0,0,0,0
"21400072","ORL","Aaron Gordon, Ben Gordon, Evan Fournier, Luke Ridnour, Maurice Harkless",17,85,87,85,87,2535,2535,0,0,0,0
"21400072","MIN","Corey Brewer, Gorgui Dieng, Mo Williams, Thaddeus Young, Zach LaVine",18,81,85,81,85,2416,2416,0,0,0,0
"21400072","ORL","Aaron Gordon, Ben Gordon, Evan Fournier, Luke Ridnour, Tobias Harris",18,85,87,85,87,2535,2535,0,0,0,0
"21400072","MIN","Corey Brewer, Gorgui Dieng, Kevin Martin, Mo Williams, Thaddeus Young",19,81,85,87,85,2416,2535,6,0,6,119
"21400072","ORL","Aaron Gordon, Evan Fournier, Luke Ridnour, Nikola Vucevic, Tobias Harris",19,85,87,89,87,2535,2652,4,0,4,117
"21400072","MIN","Corey Brewer, Kevin Martin, Mo Williams, Nikola Pekovic, Thaddeus Young",20,87,85,87,89,2535,2652,0,4,-4,117
"21400072","ORL","Aaron Gordon, Elfrid Payton, Evan Fournier, Nikola Vucevic, Tobias Harris",20,89,87,92,94,2652,2852,3,7,-4,200
"21400072","MIN","Andrew Wiggins, Kevin Martin, Mo Williams, Nikola Pekovic, Thaddeus Young",21,87,89,94,92,2652,2861,7,3,4,209
"21400072","ORL","Aaron Gordon, Devyn Marble, Elfrid Payton, Evan Fournier, Nikola Vucevic",21,92,94,92,94,2852,2852,0,0,0,0
"21400072","MIN","Andrew Wiggins, Corey Brewer, Mo Williams, Nikola Pekovic, Thaddeus Young",22,94,92,94,94,2861,2869,0,2,-2,8
"21400072","ORL","Aaron Gordon, Devyn Marble, Elfrid Payton, Evan Fournier, Maurice Harkless",22,92,94,92,94,2852,2861,0,0,0,9
"21400072","MIN","Andrew Wiggins, Gorgui Dieng, Mo Williams, Nikola Pekovic, Thaddeus Young",23,94,94,94,94,2869,2869,0,0,0,0
"21400072","ORL","Aaron Gordon, Devyn Marble, Elfrid Payton, Evan Fournier, Nikola Vucevic",23,92,94,92,94,2861,2861,0,0,0,0
"21400072","MIN","Andrew Wiggins, Kevin Martin, Mo Williams, Nikola Pekovic, Thaddeus Young",24,94,94,94,97,2869,2917,0,3,-3,48
"21400072","ORL","Devyn Marble, Elfrid Payton, Evan Fournier, Nikola Vucevic, Tobias Harris",24,92,94,92,94,2861,2861,0,0,0,0
"21400072","MIN","Corey Brewer, Kevin Martin, Mo Williams, Nikola Pekovic, Thaddeus Young",25,94,97,102,110,2917,3144,8,13,-5,227
"21400072","ORL","Channing Frye, Elfrid Payton, Evan Fournier, Nikola Vucevic, Tobias Harris",25,92,94,94,94,2861,2869,2,0,2,8
"21400072","MIN","Corey Brewer, Kevin Martin, Nikola Pekovic, Thaddeus Young, Zach LaVine",26,102,110,102,110,3144,3144,0,0,0,0
"21400072","ORL","Aaron Gordon, Elfrid Payton, Evan Fournier, Nikola Vucevic, Tobias Harris",26,94,94,108,100,2869,3130,14,6,8,261
"21400072","MIN","Chase Budinger, Corey Brewer, Kevin Martin, Nikola Pekovic, Zach LaVine",27,102,110,102,110,3144,3144,0,0,0,0
"21400072","ORL","Aaron Gordon, Channing Frye, Elfrid Payton, Evan Fournier, Tobias Harris",27,108,100,110,102,3130,3144,2,2,0,14
"21400072","MIN","Chase Budinger, Corey Brewer, Kevin Martin, Robbie Hummel, Zach LaVine",28,102,110,102,110,3144,3144,0,0,0,0
"21400072","ORL","Aaron Gordon, Channing Frye, Evan Fournier, Luke Ridnour, Tobias Harris",28,110,102,110,102,3144,3144,0,0,0,0
"21400072","MIN","Chase Budinger, Corey Brewer, Robbie Hummel, Shabazz Muhammad, Zach LaVine",29,102,110,104,112,3144,3180,2,2,0,36
"21400072","ORL","Ben Gordon, Channing Frye, Evan Fournier, Luke Ridnour, Tobias Harris",29,110,102,112,104,3144,3180,2,2,0,36
"21400073","CHI","Jimmy Butler, Joakim Noah, Kirk Hinrich, Mike Dunleavy, Pau Gasol",0,0,0,22,16,0,416,22,16,6,416
"21400073","PHI","Henry Sims, Hollis Thompson, JaKarr Sampson, Luc Mbah a Moute, Tony Wroten",0,0,0,14,17,0,356,14,17,-3,356
"21400073","CHI","Aaron Brooks, Jimmy Butler, Kirk Hinrich, Mike Dunleavy, Pau Gasol",1,22,16,22,16,416,416,0,0,0,0
"21400073","PHI","Henry Sims, JaKarr Sampson, KJ McDaniels, Luc Mbah a Moute, Tony Wroten",1,14,17,14,17,356,356,0,0,0,0
"21400073","CHI","Aaron Brooks, Jimmy Butler, Mike Dunleavy, Pau Gasol, Taj Gibson",2,22,16,24,21,416,497,2,5,-3,81
"21400073","PHI","Brandon Davies, JaKarr Sampson, KJ McDaniels, Luc Mbah a Moute, Tony Wroten",2,14,17,14,17,356,356,0,0,0,0
"21400073","CHI","Aaron Brooks, Doug McDermott, Jimmy Butler, Pau Gasol, Taj Gibson",3,24,21,33,28,497,720,9,7,2,223
"21400073","PHI","Brandon Davies, Chris Johnson, KJ McDaniels, Luc Mbah a Moute, Tony Wroten",3,14,17,19,24,356,484,5,7,-2,128
"21400073","CHI","Aaron Brooks, Doug McDermott, Nikola Mirotic, Taj Gibson, Tony Snell",4,33,28,38,39,720,952,5,11,-6,232
"21400073","PHI","Brandon Davies, Chris Johnson, Hollis Thompson, KJ McDaniels, Tony Wroten",4,19,24,26,28,484,585,7,4,3,101
"21400073","CHI","Doug McDermott, Kirk Hinrich, Nikola Mirotic, Taj Gibson, Tony Snell",5,38,39,38,39,952,952,0,0,0,0
"21400073","PHI","Alexey Shved, Brandon Davies, Chris Johnson, Hollis Thompson, KJ McDaniels",5,26,28,33,34,585,789,7,6,1,204
"21400073","CHI","Doug McDermott, Joakim Noah, Kirk Hinrich, Taj Gibson, Tony Snell",6,38,39,38,43,952,999,0,4,-4,47
"21400073","PHI","Alexey Shved, Brandon Davies, Chris Johnson, KJ McDaniels, Luc Mbah a Moute",6,33,34,33,34,789,789,0,0,0,0
"21400073","CHI","Doug McDermott, Jimmy Butler, Joakim Noah, Kirk Hinrich, Taj Gibson",7,38,43,40,47,999,1105,2,4,-2,106
"21400073","PHI","Alexey Shved, Brandon Davies, JaKarr Sampson, KJ McDaniels, Luc Mbah a Moute",7,33,34,33,36,789,810,0,2,-2,21
"21400073","CHI","Doug McDermott, Jimmy Butler, Joakim Noah, Kirk Hinrich, Pau Gasol",8,40,47,40,47,1105,1105,0,0,0,0
"21400073","PHI","Alexey Shved, Henry Sims, JaKarr Sampson, KJ McDaniels, Luc Mbah a Moute",8,33,36,43,38,810,999,10,2,8,189
"21400073","CHI","Jimmy Butler, Joakim Noah, Kirk Hinrich, Mike Dunleavy, Pau Gasol",9,40,47,78,69,1105,1896,38,22,16,791
"21400073","PHI","Henry Sims, JaKarr Sampson, KJ McDaniels, Luc Mbah a Moute, Tony Wroten",9,43,38,43,38,999,999,0,0,0,0
"21400073","CHI","Jimmy Butler, Joakim Noah, Mike Dunleavy, Pau Gasol, Taj Gibson",10,78,69,78,69,1896,1896,0,0,0,0
"21400073","PHI","Chris Johnson, Henry Sims, JaKarr Sampson, Luc Mbah a Moute, Tony Wroten",10,43,38,49,44,999,1164,6,6,0,165
"21400073","CHI","Aaron Brooks, Jimmy Butler, Mike Dunleavy, Pau Gasol, Taj Gibson",11,78,69,92,76,1896,2110,14,7,7,214
"21400073","PHI","Chris Johnson, Henry Sims, Hollis Thompson, JaKarr Sampson, Tony Wroten",11,49,44,52,46,1164,1264,3,2,1,100
"21400073","CHI","Aaron Brooks, Doug McDermott, Jimmy Butler, Pau Gasol, Taj Gibson",12,92,76,92,76,2110,2160,0,0,0,50
"21400073","PHI","Brandon Davies, Chris Johnson, Henry Sims, Hollis Thompson, Tony Wroten",12,52,46,52,46,1264,1264,0,0,0,0
"21400073","CHI","Aaron Brooks, Doug McDermott, Jimmy Butler, Nikola Mirotic, Taj Gibson",13,92,76,101,86,2160,2350,9,10,-1,190
"21400073","PHI","Brandon Davies, Chris Johnson, Hollis Thompson, KJ McDaniels, Tony Wroten",13,52,46,54,50,1264,1331,2,4,-2,67
"21400073","CHI","Doug McDermott, Jimmy Butler, Kirk Hinrich, Nikola Mirotic, Taj Gibson",14,101,86,101,86,2350,2350,0,0,0,0
"21400073","PHI","Alexey Shved, Brandon Davies, Hollis Thompson, KJ McDaniels, Tony Wroten",14,54,50,54,50,1331,1331,0,0,0,0
"21400073","CHI","Doug McDermott, Kirk Hinrich, Nikola Mirotic, Taj Gibson, Tony Snell",15,101,86,104,90,2350,2403,3,4,-1,53
"21400073","PHI","Alexey Shved, Brandon Davies, Hollis Thompson, JaKarr Sampson, KJ McDaniels",15,54,50,57,54,1331,1401,3,4,-1,70
"21400073","CHI","Doug McDermott, Joakim Noah, Kirk Hinrich, Taj Gibson, Tony Snell",16,104,90,109,98,2403,2530,5,8,-3,127
"21400073","PHI","Alexey Shved, Brandon Davies, Hollis Thompson, JaKarr Sampson, Luc Mbah a Moute",16,57,54,57,57,1401,1440,0,3,-3,39
"21400073","CHI","Doug McDermott, Jimmy Butler, Joakim Noah, Kirk Hinrich, Taj Gibson",17,109,98,109,98,2530,2530,0,0,0,0
"21400073","PHI","Brandon Davies, Hollis Thompson, JaKarr Sampson, Luc Mbah a Moute, Tony Wroten",17,57,57,62,68,1440,1636,5,11,-6,196
"21400073","CHI","Jimmy Butler, Joakim Noah, Kirk Hinrich, Mike Dunleavy, Taj Gibson",18,109,98,109,100,2530,2592,0,2,-2,62
"21400073","PHI","Brandon Davies, JaKarr Sampson, KJ McDaniels, Luc Mbah a Moute, Tony Wroten",18,62,68,64,76,1636,1795,2,8,-6,159
"21400073","CHI","Jimmy Butler, Joakim Noah, Kirk Hinrich, Mike Dunleavy, Pau Gasol",19,109,100,116,115,2592,2875,7,15,-8,283
"21400073","PHI","Brandon Davies, Henry Sims, KJ McDaniels, Luc Mbah a Moute, Tony Wroten",19,64,76,64,76,1795,1795,0,0,0,0
"21400073","CHI","Aaron Brooks, Joakim Noah, Kirk Hinrich, Mike Dunleavy, Pau Gasol",20,116,115,118,115,2875,2878,2,0,2,3
"21400073","PHI","Chris Johnson, Henry Sims, KJ McDaniels, Luc Mbah a Moute, Tony Wroten",20,64,76,69,78,1795,1896,5,2,3,101
"21400073","CHI","Jimmy Butler, Joakim Noah, Kirk Hinrich, Mike Dunleavy, Pau Gasol",21,118,115,118,115,2878,2880,0,0,0,2
"21400073","PHI","Chris Johnson, Henry Sims, Hollis Thompson, KJ McDaniels, Tony Wroten",21,69,78,74,81,1896,1974,5,3,2,78
"21400073","PHI","Alexey Shved, Chris Johnson, Henry Sims, Hollis Thompson, KJ McDaniels",22,74,81,76,92,1974,2110,2,11,-9,136
"21400073","PHI","Alexey Shved, Chris Johnson, Henry Sims, KJ McDaniels, Luc Mbah a Moute",23,76,92,76,92,2110,2160,0,0,0,50
"21400073","PHI","Alexey Shved, Brandon Davies, Chris Johnson, JaKarr Sampson, Luc Mbah a Moute",24,76,92,83,96,2160,2305,7,4,3,145
"21400073","PHI","Alexey Shved, Brandon Davies, Chris Johnson, Luc Mbah a Moute, Tony Wroten",25,83,96,83,96,2305,2305,0,0,0,0
"21400073","PHI","Alexey Shved, Brandon Davies, KJ McDaniels, Luc Mbah a Moute, Tony Wroten",26,83,96,83,96,2305,2305,0,0,0,0
"21400073","PHI","Brandon Davies, Hollis Thompson, KJ McDaniels, Luc Mbah a Moute, Tony Wroten",27,83,96,90,104,2305,2430,7,8,-1,125
"21400073","PHI","Brandon Davies, Hollis Thompson, JaKarr Sampson, Luc Mbah a Moute, Tony Wroten",28,90,104,93,109,2430,2488,3,5,-2,58
"21400073","PHI","Henry Sims, Hollis Thompson, JaKarr Sampson, Luc Mbah a Moute, Tony Wroten",29,93,109,100,109,2488,2592,7,0,7,104
"21400073","PHI","Henry Sims, Hollis Thompson, KJ McDaniels, Luc Mbah a Moute, Tony Wroten",30,100,109,102,111,2592,2689,2,2,0,97
"21400073","PHI","Brandon Davies, Henry Sims, Hollis Thompson, KJ McDaniels, Tony Wroten",31,102,111,106,113,2689,2814,4,2,2,125
"21400073","PHI","Brandon Davies, Henry Sims, Hollis Thompson, Luc Mbah a Moute, Tony Wroten",32,106,113,106,113,2814,2842,0,0,0,28
"21400073","PHI","Brandon Davies, Hollis Thompson, KJ McDaniels, Luc Mbah a Moute, Tony Wroten",33,106,113,106,115,2842,2844,0,2,-2,2
"21400073","PHI","Brandon Davies, Henry Sims, KJ McDaniels, Luc Mbah a Moute, Tony Wroten",34,106,115,106,115,2844,2844,0,0,0,0
"21400073","PHI","Brandon Davies, Henry Sims, Hollis Thompson, Luc Mbah a Moute, Tony Wroten",35,106,115,106,115,2844,2844,0,0,0,0
"21400073","PHI","Chris Johnson, Henry Sims, Hollis Thompson, Luc Mbah a Moute, Tony Wroten",36,106,115,115,118,2844,2878,9,3,6,34
"21400073","PHI","Chris Johnson, Henry Sims, Hollis Thompson, KJ McDaniels, Luc Mbah a Moute",37,115,118,115,118,2878,2880,0,0,0,2
"21400074","BOS","Avery Bradley, Jared Sullinger, Jeff Green, Kelly Olynyk, Rajon Rondo",0,0,0,21,14,0,353,21,14,7,353
"21400074","IND","Chris Copeland, Donald Sloan, Luis Scola, Roy Hibbert, Solomon Hill",0,0,0,20,25,0,510,20,25,-5,510
"21400074","BOS","Avery Bradley, Jeff Green, Kelly Olynyk, Rajon Rondo, Tyler Zeller",1,21,14,24,18,353,461,3,4,-1,108
"21400074","IND","Damjan Rudez, Donald Sloan, Luis Scola, Roy Hibbert, Solomon Hill",1,20,25,20,25,510,510,0,0,0,0
"21400074","BOS","Evan Turner, Jeff Green, Kelly Olynyk, Rajon Rondo, Tyler Zeller",2,24,18,24,18,461,461,0,0,0,0
"21400074","IND","Damjan Rudez, Donald Sloan, Lavoy Allen, Roy Hibbert, Solomon Hill",2,20,25,20,26,510,543,0,1,-1,33
"21400074","BOS","Evan Turner, Jeff Green, Marcus Smart, Rajon Rondo, Tyler Zeller",3,24,18,26,20,461,543,2,2,0,82
"21400074","IND","AJ Price, Damjan Rudez, Lavoy Allen, Roy Hibbert, Solomon Hill",3,20,26,26,30,543,720,6,4,2,177
"21400074","BOS","Evan Turner, Jeff Green, Marcus Smart, Marcus Thornton, Tyler Zeller",4,26,20,28,24,543,627,2,4,-2,84
"21400074","IND","AJ Price, Chris Copeland, Damjan Rudez, Ian Mahinmi, Lavoy Allen",4,26,30,36,44,720,1010,10,14,-4,290
"21400074","BOS","Brandon Bass, Evan Turner, Marcus Smart, Marcus Thornton, Tyler Zeller",5,28,24,30,26,627,692,2,2,0,65
"21400074","IND","Chris Copeland, Damjan Rudez, Donald Sloan, Ian Mahinmi, Lavoy Allen",5,36,44,40,46,1010,1103,4,2,2,93
"21400074","BOS","Brandon Bass, Evan Turner, Jared Sullinger, Marcus Smart, Marcus Thornton",6,30,26,44,36,692,988,14,10,4,296
"21400074","IND","Damjan Rudez, Donald Sloan, Ian Mahinmi, Lavoy Allen, Luis Scola",6,40,46,40,46,1103,1103,0,0,0,0
"21400074","BOS","Brandon Bass, Jared Sullinger, Marcus Smart, Marcus Thornton, Rajon Rondo",7,44,36,44,36,988,988,0,0,0,0
"21400074","IND","Damjan Rudez, Donald Sloan, Ian Mahinmi, Luis Scola, Solomon Hill",7,40,46,42,50,1103,1212,2,4,-2,109
"21400074","BOS","Avery Bradley, Brandon Bass, Jared Sullinger, Marcus Thornton, Rajon Rondo",8,44,36,44,36,988,988,0,0,0,0
"21400074","IND","Damjan Rudez, Donald Sloan, Luis Scola, Roy Hibbert, Solomon Hill",8,42,50,42,53,1212,1250,0,3,-3,38
"21400074","BOS","Avery Bradley, Brandon Bass, Jared Sullinger, Jeff Green, Rajon Rondo",9,44,36,46,40,988,1103,2,4,-2,115
"21400074","IND","Chris Copeland, Donald Sloan, Luis Scola, Roy Hibbert, Solomon Hill",9,42,53,73,71,1250,2031,31,18,13,781
"21400074","BOS","Avery Bradley, Brandon Bass, Jeff Green, Kelly Olynyk, Rajon Rondo",10,46,40,46,40,1103,1103,0,0,0,0
"21400074","IND","Chris Copeland, Damjan Rudez, Donald Sloan, Luis Scola, Solomon Hill",10,73,71,73,71,2031,2031,0,0,0,0
"21400074","BOS","Avery Bradley, Jeff Green, Kelly Olynyk, Rajon Rondo, Tyler Zeller",11,46,40,55,46,1103,1314,9,6,3,211
"21400074","IND","AJ Price, Chris Copeland, Damjan Rudez, Donald Sloan, Luis Scola",11,73,71,73,71,2031,2031,0,0,0,0
"21400074","BOS","Avery Bradley, Jared Sullinger, Jeff Green, Kelly Olynyk, Rajon Rondo",12,55,46,55,50,1314,1426,0,4,-4,112
"21400074","IND","AJ Price, Chris Copeland, Damjan Rudez, Ian Mahinmi, Luis Scola",12,73,71,75,73,2031,2160,2,2,0,129
"21400074","BOS","Avery Bradley, Jared Sullinger, Jeff Green, Kelly Olynyk, Marcus Smart",13,55,50,55,52,1426,1440,0,2,-2,14
"21400074","IND","AJ Price, Damjan Rudez, Ian Mahinmi, Lavoy Allen, Solomon Hill",13,75,73,82,86,2160,2407,7,13,-6,247
"21400074","BOS","Avery Bradley, Jared Sullinger, Jeff Green, Kelly Olynyk, Rajon Rondo",14,55,52,66,65,1440,1822,11,13,-2,382
"21400074","IND","AJ Price, Chris Copeland, Ian Mahinmi, Lavoy Allen, Solomon Hill",14,82,86,82,86,2407,2430,0,0,0,23
"21400074","BOS","Avery Bradley, Jeff Green, Kelly Olynyk, Marcus Smart, Rajon Rondo",15,66,65,66,65,1822,1822,0,0,0,0
"21400074","IND","Chris Copeland, Donald Sloan, Ian Mahinmi, Lavoy Allen, Solomon Hill",15,82,86,82,88,2430,2487,0,2,-2,57
"21400074","BOS","Jeff Green, Kelly Olynyk, Marcus Smart, Rajon Rondo, Tyler Zeller",16,66,65,68,71,1822,1959,2,6,-4,137
"21400074","IND","Chris Copeland, Donald Sloan, Lavoy Allen, Roy Hibbert, Solomon Hill",16,82,88,92,97,2487,2699,10,9,1,212
"21400074","BOS","Jeff Green, Kelly Olynyk, Marcus Smart, Phil Pressey, Tyler Zeller",17,68,71,68,71,1959,1976,0,0,0,17
"21400074","IND","Chris Copeland, Donald Sloan, Luis Scola, Roy Hibbert, Solomon Hill",17,92,97,98,99,2699,2877,6,2,4,178
"21400074","BOS","Brandon Bass, Jeff Green, Kelly Olynyk, Marcus Smart, Phil Pressey",18,68,71,68,71,1976,1976,0,0,0,0
"21400074","IND","AJ Price, Chris Copeland, Donald Sloan, Roy Hibbert, Solomon Hill",18,98,99,98,99,2877,2877,0,0,0,0
"21400074","BOS","Brandon Bass, Evan Turner, Kelly Olynyk, Marcus Smart, Phil Pressey",19,68,71,73,75,1976,2160,5,4,1,184
"21400074","IND","AJ Price, Chris Copeland, Donald Sloan, Lavoy Allen, Solomon Hill",19,98,99,98,101,2877,2878,0,2,-2,1
"21400074","BOS","Brandon Bass, Evan Turner, Jared Sullinger, Marcus Smart, Phil Pressey",20,73,75,77,75,2160,2213,4,0,4,53
"21400074","IND","Chris Copeland, Donald Sloan, Lavoy Allen, Roy Hibbert, Solomon Hill",20,98,101,98,101,2878,2880,0,0,0,2
"21400074","BOS","Brandon Bass, Evan Turner, Gerald Wallace, Jared Sullinger, Phil Pressey",21,77,75,86,82,2213,2430,9,7,2,217
"21400074","BOS","Avery Bradley, Brandon Bass, Gerald Wallace, Jared Sullinger, Phil Pressey",22,86,82,97,92,2430,2699,11,10,1,269
"21400074","BOS","Avery Bradley, Gerald Wallace, Jared Sullinger, Kelly Olynyk, Phil Pressey",23,97,92,97,92,2699,2710,0,0,0,11
"21400074","BOS","Avery Bradley, Gerald Wallace, Jared Sullinger, Jeff Green, Kelly Olynyk",24,97,92,97,92,2710,2710,0,0,0,0
"21400074","BOS","Avery Bradley, Jared Sullinger, Jeff Green, Kelly Olynyk, Rajon Rondo",25,97,92,97,96,2710,2845,0,4,-4,135
"21400074","BOS","Avery Bradley, Jeff Green, Kelly Olynyk, Rajon Rondo, Tyler Zeller",26,97,96,97,96,2845,2845,0,0,0,0
"21400074","BOS","Avery Bradley, Brandon Bass, Jeff Green, Rajon Rondo, Tyler Zeller",27,97,96,97,96,2845,2861,0,0,0,16
"21400074","BOS","Avery Bradley, Brandon Bass, Jared Sullinger, Jeff Green, Rajon Rondo",28,97,96,97,96,2861,2861,0,0,0,0
"21400074","BOS","Avery Bradley, Jared Sullinger, Jeff Green, Kelly Olynyk, Rajon Rondo",29,97,96,99,96,2861,2874,2,0,2,13
"21400074","BOS","Avery Bradley, Brandon Bass, Jared Sullinger, Jeff Green, Rajon Rondo",30,99,96,99,96,2874,2874,0,0,0,0
"21400074","BOS","Avery Bradley, Brandon Bass, Gerald Wallace, Jeff Green, Rajon Rondo",31,99,96,99,98,2874,2877,0,2,-2,3
"21400074","BOS","Avery Bradley, Gerald Wallace, Jared Sullinger, Jeff Green, Rajon Rondo",32,99,98,99,98,2877,2877,0,0,0,0
"21400074","BOS","Avery Bradley, Jared Sullinger, Jeff Green, Rajon Rondo, Tyler Zeller",33,99,98,99,98,2877,2877,0,0,0,0
"21400074","BOS","Avery Bradley, Jared Sullinger, Jeff Green, Kelly Olynyk, Rajon Rondo",34,99,98,101,98,2877,2878,2,0,2,1
"21400074","BOS","Avery Bradley, Brandon Bass, Jeff Green, Kelly Olynyk, Rajon Rondo",35,101,98,101,98,2878,2878,0,0,0,0
"21400074","BOS","Avery Bradley, Brandon Bass, Gerald Wallace, Jeff Green, Rajon Rondo",36,101,98,101,98,2878,2880,0,0,0,2
"21400075","BKN","Bojan Bogdanovic, Brook Lopez, Deron Williams, Joe Johnson, Kevin Garnett",0,0,0,8,8,0,292,8,8,0,292
"21400075","NYK","Carmelo Anthony, Iman Shumpert, Jason Smith, Samuel Dalembert, Tim Hardaway Jr.",0,0,0,6,5,0,189,6,5,1,189
"21400075","BKN","Bojan Bogdanovic, Brook Lopez, Deron Williams, Joe Johnson, Mason Plumlee",1,8,8,26,19,292,633,18,11,7,341
"21400075","NYK","Carmelo Anthony, Iman Shumpert, Quincy Acy, Samuel Dalembert, Tim Hardaway Jr.",1,6,5,8,8,189,292,2,3,-1,103
"21400075","BKN","Bojan Bogdanovic, Brook Lopez, Jarrett Jack, Joe Johnson, Mason Plumlee",2,26,19,26,19,633,633,0,0,0,0
"21400075","NYK","Amar'e Stoudemire, Carmelo Anthony, Iman Shumpert, Quincy Acy, Tim Hardaway Jr.",2,8,8,17,21,292,514,9,13,-4,222
"21400075","BKN","Alan Anderson, Bojan Bogdanovic, Brook Lopez, Jarrett Jack, Mason Plumlee",3,26,19,27,20,633,666,1,1,0,33
"21400075","NYK","Amar'e Stoudemire, Carmelo Anthony, Iman Shumpert, JR Smith, Quincy Acy",3,17,21,19,26,514,633,2,5,-3,119
"21400075","BKN","Alan Anderson, Bojan Bogdanovic, Jarrett Jack, Mason Plumlee, Mirza Teletovic",4,27,20,30,20,666,720,3,0,3,54
"21400075","NYK","Amar'e Stoudemire, Carmelo Anthony, JR Smith, Quincy Acy, Shane Larkin",4,19,26,20,27,633,666,1,1,0,33
"21400075","BKN","Alan Anderson, Jarrett Jack, Mason Plumlee, Mirza Teletovic, Sergey Karasev",5,30,20,33,24,720,877,3,4,-1,157
"21400075","NYK","Amar'e Stoudemire, Cleanthony Early, JR Smith, Quincy Acy, Shane Larkin",5,20,27,24,33,666,889,4,6,-2,223
"21400075","BKN","Alan Anderson, Jarrett Jack, Kevin Garnett, Mirza Teletovic, Sergey Karasev",6,33,24,33,24,877,922,0,0,0,45
"21400075","NYK","Amar'e Stoudemire, JR Smith, Quincy Acy, Shane Larkin, Tim Hardaway Jr.",6,24,33,26,33,889,973,2,0,2,84
"21400075","BKN","Alan Anderson, Brook Lopez, Jarrett Jack, Mirza Teletovic, Sergey Karasev",7,33,24,33,26,922,973,0,2,-2,51
"21400075","NYK","Jason Smith, JR Smith, Quincy Acy, Shane Larkin, Tim Hardaway Jr.",7,26,33,26,33,973,973,0,0,0,0
"21400075","BKN","Alan Anderson, Brook Lopez, Deron Williams, Mirza Teletovic, Sergey Karasev",8,33,26,33,26,973,973,0,0,0,0
"21400075","NYK","Iman Shumpert, Jason Smith, JR Smith, Quincy Acy, Tim Hardaway Jr.",8,26,33,26,35,973,1003,0,2,-2,30
"21400075","BKN","Alan Anderson, Brook Lopez, Deron Williams, Joe Johnson, Mirza Teletovic",9,33,26,39,30,973,1101,6,4,2,128
"21400075","NYK","Cole Aldrich, Iman Shumpert, JR Smith, Quincy Acy, Tim Hardaway Jr.",9,26,35,26,35,1003,1003,0,0,0,0
"21400075","BKN","Bojan Bogdanovic, Brook Lopez, Deron Williams, Joe Johnson, Mirza Teletovic",10,39,30,55,42,1101,1440,16,12,4,339
"21400075","NYK","Carmelo Anthony, Cole Aldrich, Iman Shumpert, JR Smith, Quincy Acy",10,26,35,28,37,1003,1039,2,2,0,36
"21400075","BKN","Bojan Bogdanovic, Brook Lopez, Deron Williams, Joe Johnson, Kevin Garnett",11,55,42,64,48,1440,1666,9,6,3,226
"21400075","NYK","Carmelo Anthony, Cole Aldrich, Iman Shumpert, JR Smith, Travis Wear",11,28,37,32,48,1039,1231,4,11,-7,192
"21400075","BKN","Bojan Bogdanovic, Deron Williams, Joe Johnson, Kevin Garnett, Mason Plumlee",12,64,48,77,58,1666,1898,13,10,3,232
"21400075","NYK","Amar'e Stoudemire, Carmelo Anthony, Cole Aldrich, Iman Shumpert, Travis Wear",12,32,48,32,48,1231,1231,0,0,0,0
"21400075","BKN","Bojan Bogdanovic, Deron Williams, Joe Johnson, Mason Plumlee, Mirza Teletovic",13,77,58,77,58,1898,1898,0,0,0,0
"21400075","NYK","Amar'e Stoudemire, Carmelo Anthony, Iman Shumpert, Tim Hardaway Jr., Travis Wear",13,32,48,37,52,1231,1323,5,4,1,92
"21400075","BKN","Alan Anderson, Bojan Bogdanovic, Deron Williams, Mason Plumlee, Mirza Teletovic",14,77,58,80,66,1898,2077,3,8,-5,179
"21400075","NYK","Carmelo Anthony, Cole Aldrich, Iman Shumpert, Tim Hardaway Jr., Travis Wear",14,37,52,42,55,1323,1440,5,3,2,117
"21400075","BKN","Alan Anderson, Deron Williams, Jarrett Jack, Mason Plumlee, Mirza Teletovic",15,80,66,88,68,2077,2218,8,2,6,141
"21400075","NYK","Amar'e Stoudemire, Carmelo Anthony, Iman Shumpert, Quincy Acy, Tim Hardaway Jr.",15,42,55,45,64,1440,1618,3,9,-6,178
"21400075","BKN","Alan Anderson, Brook Lopez, Deron Williams, Jarrett Jack, Mirza Teletovic",16,88,68,90,71,2218,2298,2,3,-1,80
"21400075","NYK","Amar'e Stoudemire, Carmelo Anthony, Iman Shumpert, Jason Smith, Tim Hardaway Jr.",16,45,64,56,71,1618,1820,11,7,4,202
"21400075","BKN","Alan Anderson, Brook Lopez, Jarrett Jack, Joe Johnson, Mirza Teletovic",17,90,71,105,89,2298,2652,15,18,-3,354
"21400075","NYK","Carmelo Anthony, Iman Shumpert, Jason Smith, Quincy Acy, Tim Hardaway Jr.",17,56,71,56,71,1820,1820,0,0,0,0
"21400075","BKN","Alan Anderson, Jarrett Jack, Joe Johnson, Mason Plumlee, Mirza Teletovic",18,105,89,105,89,2652,2652,0,0,0,0
"21400075","NYK","Carmelo Anthony, Iman Shumpert, Jason Smith, JR Smith, Quincy Acy",18,56,71,56,74,1820,1830,0,3,-3,10
"21400075","BKN","Alan Anderson, Bojan Bogdanovic, Jarrett Jack, Mason Plumlee, Mirza Teletovic",19,105,89,108,92,2652,2747,3,3,0,95
"21400075","NYK","Amar'e Stoudemire, Carmelo Anthony, Iman Shumpert, JR Smith, Quincy Acy",19,56,74,58,77,1830,1898,2,3,-1,68
"21400075","BKN","Alan Anderson, Bojan Bogdanovic, Jarrett Jack, Jerome Jordan, Mirza Teletovic",20,108,92,108,92,2747,2747,0,0,0,0
"21400075","NYK","Amar'e Stoudemire, Carmelo Anthony, Iman Shumpert, JR Smith, Tim Hardaway Jr.",20,58,77,66,80,1898,2077,8,3,5,179
"21400075","BKN","Alan Anderson, Andrei Kirilenko, Bojan Bogdanovic, Jarrett Jack, Jerome Jordan",21,108,92,108,92,2747,2747,0,0,0,0
"21400075","NYK","Amar'e Stoudemire, Carmelo Anthony, Iman Shumpert, JR Smith, Shane Larkin",21,66,80,68,86,2077,2160,2,6,-4,83
"21400075","BKN","Andrei Kirilenko, Bojan Bogdanovic, Jarrett Jack, Jerome Jordan, Sergey Karasev",22,108,92,110,99,2747,2880,2,7,-5,133
"21400075","NYK","Carmelo Anthony, Cleanthony Early, Jason Smith, Shane Larkin, Tim Hardaway Jr.",22,68,86,81,98,2160,2472,13,12,1,312
"21400075","NYK","Cleanthony Early, Jason Smith, Shane Larkin, Tim Hardaway Jr., Travis Wear",23,81,98,81,98,2472,2472,0,0,0,0
"21400075","NYK","Cleanthony Early, Jason Smith, JR Smith, Shane Larkin, Travis Wear",24,81,98,89,105,2472,2652,8,7,1,180
"21400075","NYK","Cleanthony Early, JR Smith, Quincy Acy, Shane Larkin, Travis Wear",25,89,105,99,110,2652,2880,10,5,5,228
"21400076","DET","Andre Drummond, Brandon Jennings, Greg Monroe, Josh Smith, Kentavious Caldwell-Pope",0,0,0,7,13,0,273,7,13,-6,273
"21400076","MIL","Brandon Knight, Ersan Ilyasova, Jabari Parker, Kendall Marshall, Larry Sanders",0,0,0,24,14,0,475,24,14,10,475
"21400076","DET","Brandon Jennings, Caron Butler, Greg Monroe, Josh Smith, Kentavious Caldwell-Pope",1,7,13,12,19,273,395,5,6,-1,122
"21400076","MIL","Brandon Knight, Ersan Ilyasova, Jabari Parker, Larry Sanders, O.J. Mayo",1,24,14,24,14,475,475,0,0,0,0
"21400076","DET","Brandon Jennings, Caron Butler, Joel Anthony, Josh Smith, Kentavious Caldwell-Pope",2,12,19,15,27,395,548,3,8,-5,153
"21400076","MIL","Brandon Knight, Ersan Ilyasova, Jabari Parker, John Henson, O.J. Mayo",2,24,14,26,14,475,505,2,0,2,30
"21400076","DET","Brandon Jennings, Caron Butler, Joel Anthony, Josh Smith, Kyle Singler",3,15,27,15,27,548,562,0,0,0,14
"21400076","MIL","Brandon Knight, Giannis Antetokounmpo, Jabari Parker, John Henson, O.J. Mayo",3,26,14,27,15,505,562,1,1,0,57
"21400076","DET","Caron Butler, D.J. Augustin, Joel Anthony, Josh Smith, Kyle Singler",4,15,27,21,27,562,720,6,0,6,158
"21400076","MIL","Brandon Knight, Giannis Antetokounmpo, Jared Dudley, John Henson, O.J. Mayo",4,27,15,27,21,562,720,0,6,-6,158
"21400076","DET","Andre Drummond, Caron Butler, D.J. Augustin, Jonas Jerebko, Kyle Singler",5,21,27,33,35,720,1046,12,8,4,326
"21400076","MIL","Giannis Antetokounmpo, Jared Dudley, Jerryd Bayless, John Henson, O.J. Mayo",5,27,21,31,25,720,860,4,4,0,140
"21400076","DET","Andre Drummond, Caron Butler, D.J. Augustin, Greg Monroe, Kyle Singler",6,33,35,35,37,1046,1137,2,2,0,91
"21400076","MIL","Giannis Antetokounmpo, Jared Dudley, Jerryd Bayless, O.J. Mayo, Zaza Pachulia",6,31,25,37,35,860,1137,6,10,-4,277
"21400076","DET","Caron Butler, D.J. Augustin, Greg Monroe, Kentavious Caldwell-Pope, Kyle Singler",7,35,37,35,37,1137,1137,0,0,0,0
"21400076","MIL","Giannis Antetokounmpo, Jared Dudley, Jerryd Bayless, Larry Sanders, Zaza Pachulia",7,37,35,37,35,1137,1137,0,0,0,0
"21400076","DET","D.J. Augustin, Greg Monroe, Josh Smith, Kentavious Caldwell-Pope, Kyle Singler",8,35,37,38,43,1137,1231,3,6,-3,94
"21400076","MIL","Brandon Knight, Giannis Antetokounmpo, Jared Dudley, Jerryd Bayless, Larry Sanders",8,37,35,43,38,1137,1231,6,3,3,94
"21400076","DET","Brandon Jennings, D.J. Augustin, Greg Monroe, Josh Smith, Kentavious Caldwell-Pope",9,38,43,40,43,1231,1265,2,0,2,34
"21400076","MIL","Brandon Knight, Ersan Ilyasova, Jared Dudley, Jerryd Bayless, Larry Sanders",9,43,38,43,40,1231,1265,0,2,-2,34
"21400076","DET","Brandon Jennings, Caron Butler, Greg Monroe, Josh Smith, Kentavious Caldwell-Pope",10,40,43,42,48,1265,1342,2,5,-3,77
"21400076","MIL","Brandon Knight, Ersan Ilyasova, Jabari Parker, Jerryd Bayless, Larry Sanders",10,43,40,49,42,1265,1376,6,2,4,111
"21400076","DET","Caron Butler, D.J. Augustin, Greg Monroe, Josh Smith, Kentavious Caldwell-Pope",11,42,48,42,48,1342,1342,0,0,0,0
"21400076","MIL","Brandon Knight, Ersan Ilyasova, Jabari Parker, Kendall Marshall, Larry Sanders",11,49,42,63,63,1376,1949,14,21,-7,573
"21400076","DET","Caron Butler, D.J. Augustin, Joel Anthony, Josh Smith, Kentavious Caldwell-Pope",12,42,48,44,51,1342,1440,2,3,-1,98
"21400076","MIL","Brandon Knight, Ersan Ilyasova, Jabari Parker, Kendall Marshall, Zaza Pachulia",12,63,63,63,65,1949,1976,0,2,-2,27
"21400076","DET","Andre Drummond, Brandon Jennings, Greg Monroe, Josh Smith, Kentavious Caldwell-Pope",13,44,51,52,59,1440,1779,8,8,0,339
"21400076","MIL","Brandon Knight, Giannis Antetokounmpo, Jabari Parker, Kendall Marshall, Zaza Pachulia",13,63,65,69,68,1976,2045,6,3,3,69
"21400076","DET","Andre Drummond, Brandon Jennings, Caron Butler, Josh Smith, Kentavious Caldwell-Pope",14,52,59,65,63,1779,1976,13,4,9,197
"21400076","MIL","Brandon Knight, Giannis Antetokounmpo, Kendall Marshall, O.J. Mayo, Zaza Pachulia",14,69,68,69,68,2045,2045,0,0,0,0
"21400076","DET","Andre Drummond, Brandon Jennings, Caron Butler, D.J. Augustin, Josh Smith",15,65,63,68,69,1976,2045,3,6,-3,69
"21400076","MIL","Brandon Knight, Giannis Antetokounmpo, Jared Dudley, O.J. Mayo, Zaza Pachulia",15,69,68,71,70,2045,2107,2,2,0,62
"21400076","DET","Andre Drummond, Brandon Jennings, Caron Butler, D.J. Augustin, Jonas Jerebko",16,68,69,72,76,2045,2160,4,7,-3,115
"21400076","MIL","Giannis Antetokounmpo, Jared Dudley, Jerryd Bayless, O.J. Mayo, Zaza Pachulia",16,71,70,85,79,2107,2464,14,9,5,357
"21400076","DET","Brandon Jennings, Caron Butler, D.J. Augustin, Greg Monroe, Jonas Jerebko",17,72,76,74,78,2160,2269,2,2,0,109
"21400076","MIL","Giannis Antetokounmpo, Jared Dudley, Jerryd Bayless, Larry Sanders, O.J. Mayo",17,85,79,87,81,2464,2540,2,2,0,76
"21400076","DET","Caron Butler, D.J. Augustin, Greg Monroe, Jonas Jerebko, Kyle Singler",18,74,78,79,83,2269,2378,5,5,0,109
"21400076","MIL","Brandon Knight, Giannis Antetokounmpo, Jared Dudley, Jerryd Bayless, Larry Sanders",18,87,81,87,81,2540,2540,0,0,0,0
"21400076","DET","Caron Butler, D.J. Augustin, Greg Monroe, Josh Smith, Kyle Singler",19,79,83,79,85,2378,2445,0,2,-2,67
"21400076","MIL","Brandon Knight, Giannis Antetokounmpo, Jabari Parker, Jerryd Bayless, Larry Sanders",19,87,81,90,83,2540,2639,3,2,1,99
"21400076","DET","Caron Butler, D.J. Augustin, Greg Monroe, Josh Smith, Kentavious Caldwell-Pope",20,79,85,81,87,2445,2540,2,2,0,95
"21400076","MIL","Brandon Knight, Giannis Antetokounmpo, Jabari Parker, Kendall Marshall, Larry Sanders",20,90,83,90,83,2639,2655,0,0,0,16
"21400076","DET","Brandon Jennings, Caron Butler, D.J. Augustin, Josh Smith, Kentavious Caldwell-Pope",21,81,87,81,87,2540,2540,0,0,0,0
"21400076","MIL","Brandon Knight, Giannis Antetokounmpo, Jabari Parker, Kendall Marshall, Zaza Pachulia",21,90,83,93,89,2655,2771,3,6,-3,116
"21400076","DET","Andre Drummond, Brandon Jennings, Caron Butler, Josh Smith, Kentavious Caldwell-Pope",22,81,87,87,90,2540,2712,6,3,3,172
"21400076","MIL","Brandon Knight, Giannis Antetokounmpo, Jabari Parker, Jerryd Bayless, Zaza Pachulia",22,93,89,98,95,2771,2880,5,6,-1,109
"21400076","DET","Brandon Jennings, Caron Butler, Greg Monroe, Josh Smith, Kentavious Caldwell-Pope",23,87,90,95,98,2712,2880,8,8,0,168
"21400077","TOR","Amir Johnson, DeMar DeRozan, Jonas Valanciunas, Kyle Lowry, Terrence Ross",0,0,0,6,14,0,400,6,14,-8,400
"21400077","WAS","Garrett Temple, John Wall, Marcin Gortat, Nene, Paul Pierce",0,0,0,14,6,0,400,14,6,8,400
"21400077","TOR","Amir Johnson, DeMar DeRozan, Kyle Lowry, Patrick Patterson, Terrence Ross",1,6,14,10,22,400,523,4,8,-4,123
"21400077","WAS","Drew Gooden, Garrett Temple, John Wall, Marcin Gortat, Paul Pierce",1,14,6,19,6,400,447,5,0,5,47
"21400077","TOR","Amir Johnson, DeMar DeRozan, Kyle Lowry, Lou Williams, Patrick Patterson",2,10,22,14,24,523,580,4,2,2,57
"21400077","WAS","Drew Gooden, Garrett Temple, John Wall, Marcin Gortat, Otto Porter Jr.",2,19,6,24,14,447,580,5,8,-3,133
"21400077","TOR","DeMar DeRozan, Kyle Lowry, Lou Williams, Patrick Patterson, Tyler Hansbrough",3,14,24,14,26,580,601,0,2,-2,21
"21400077","WAS","Drew Gooden, Garrett Temple, John Wall, Kevin Seraphin, Otto Porter Jr.",3,24,14,26,14,580,623,2,0,2,43
"21400077","TOR","Greivis Vasquez, Kyle Lowry, Lou Williams, Patrick Patterson, Tyler Hansbrough",4,14,26,14,26,601,623,0,0,0,22
"21400077","WAS","Drew Gooden, Glen Rice, John Wall, Kevin Seraphin, Otto Porter Jr.",4,26,14,26,14,623,623,0,0,0,0
"21400077","TOR","Greivis Vasquez, James Johnson, Lou Williams, Patrick Patterson, Tyler Hansbrough",5,14,26,24,39,623,906,10,13,-3,283
"21400077","WAS","Andre Miller, Drew Gooden, Glen Rice, Kevin Seraphin, Otto Porter Jr.",5,26,14,32,22,623,840,6,8,-2,217
"21400077","TOR","Greivis Vasquez, James Johnson, Jonas Valanciunas, Lou Williams, Patrick Patterson",6,24,39,24,41,906,963,0,2,-2,57
"21400077","WAS","Andre Miller, Drew Gooden, Kevin Seraphin, Otto Porter Jr., Rasual Butler",6,32,22,39,24,840,906,7,2,5,66
"21400077","TOR","Amir Johnson, Greivis Vasquez, James Johnson, Jonas Valanciunas, Lou Williams",7,24,41,24,41,963,963,0,0,0,0
"21400077","WAS","Andre Miller, Kevin Seraphin, Otto Porter Jr., Paul Pierce, Rasual Butler",7,39,24,39,24,906,906,0,0,0,0
"21400077","TOR","Amir Johnson, DeMar DeRozan, Greivis Vasquez, James Johnson, Jonas Valanciunas",8,24,41,25,41,963,984,1,0,1,21
"21400077","WAS","Andre Miller, Kevin Seraphin, Nene, Paul Pierce, Rasual Butler",8,39,24,41,24,906,963,2,0,2,57
"21400077","TOR","Amir Johnson, DeMar DeRozan, James Johnson, Jonas Valanciunas, Kyle Lowry",9,25,41,25,41,984,1012,0,0,0,28
"21400077","WAS","John Wall, Kevin Seraphin, Nene, Paul Pierce, Rasual Butler",9,41,24,41,25,963,984,0,1,-1,21
"21400077","TOR","Amir Johnson, DeMar DeRozan, Jonas Valanciunas, Kyle Lowry, Terrence Ross",10,25,41,29,55,1012,1226,4,14,-10,214
"21400077","WAS","Garrett Temple, John Wall, Kevin Seraphin, Nene, Paul Pierce",10,41,25,41,25,984,1012,0,0,0,28
"21400077","TOR","Amir Johnson, DeMar DeRozan, Kyle Lowry, Patrick Patterson, Terrence Ross",11,29,55,30,55,1226,1343,1,0,1,117
"21400077","WAS","Garrett Temple, John Wall, Marcin Gortat, Nene, Paul Pierce",11,41,25,53,27,1012,1198,12,2,10,186
"21400077","TOR","Amir Johnson, DeMar DeRozan, Kyle Lowry, Lou Williams, Patrick Patterson",12,30,55,32,57,1343,1383,2,2,0,40
"21400077","WAS","Garrett Temple, John Wall, Kris Humphries, Marcin Gortat, Paul Pierce",12,53,27,55,30,1198,1343,2,3,-1,145
"21400077","TOR","Amir Johnson, DeMar DeRozan, Kyle Lowry, Lou Williams, Tyler Hansbrough",13,32,57,35,59,1383,1440,3,2,1,57
"21400077","WAS","Garrett Temple, John Wall, Kris Humphries, Marcin Gortat, Otto Porter Jr.",13,55,30,55,32,1343,1371,0,2,-2,28
"21400077","TOR","Amir Johnson, DeMar DeRozan, Jonas Valanciunas, Kyle Lowry, Terrence Ross",14,35,59,39,63,1440,1654,4,4,0,214
"21400077","WAS","Garrett Temple, John Wall, Kevin Seraphin, Kris Humphries, Otto Porter Jr.",14,55,32,57,32,1371,1383,2,0,2,12
"21400077","TOR","DeMar DeRozan, Jonas Valanciunas, Kyle Lowry, Patrick Patterson, Terrence Ross",15,39,63,53,72,1654,1933,14,9,5,279
"21400077","WAS","John Wall, Kevin Seraphin, Kris Humphries, Otto Porter Jr., Rasual Butler",15,57,32,59,35,1383,1440,2,3,-1,57
"21400077","TOR","DeMar DeRozan, Greivis Vasquez, Jonas Valanciunas, Kyle Lowry, Patrick Patterson",16,53,72,55,76,1933,2020,2,4,-2,87
"21400077","WAS","Garrett Temple, John Wall, Marcin Gortat, Nene, Paul Pierce",16,59,35,69,51,1440,1857,10,16,-6,417
"21400077","TOR","DeMar DeRozan, Greivis Vasquez, Kyle Lowry, Patrick Patterson, Tyler Hansbrough",17,55,76,55,76,2020,2020,0,0,0,0
"21400077","WAS","Garrett Temple, John Wall, Kris Humphries, Marcin Gortat, Paul Pierce",17,69,51,72,53,1857,1933,3,2,1,76
"21400077","TOR","Greivis Vasquez, Kyle Lowry, Lou Williams, Patrick Patterson, Tyler Hansbrough",18,55,76,57,76,2020,2036,2,0,2,16
"21400077","WAS","Garrett Temple, John Wall, Kris Humphries, Marcin Gortat, Otto Porter Jr.",18,72,53,82,58,1933,2160,10,5,5,227
"21400077","TOR","Greivis Vasquez, James Johnson, Lou Williams, Patrick Patterson, Tyler Hansbrough",19,57,76,64,86,2036,2345,7,10,-3,309
"21400077","WAS","Andre Miller, Kevin Seraphin, Kris Humphries, Otto Porter Jr., Rasual Butler",19,82,58,90,71,2160,2540,8,13,-5,380
"21400077","TOR","DeMar DeRozan, Greivis Vasquez, James Johnson, Lou Williams, Tyler Hansbrough",20,64,86,70,86,2345,2464,6,0,6,119
"21400077","WAS","Andre Miller, Drew Gooden, Kevin Seraphin, Otto Porter Jr., Rasual Butler",20,90,71,92,73,2540,2578,2,2,0,38
"21400077","TOR","DeMar DeRozan, Greivis Vasquez, James Johnson, Kyle Lowry, Tyler Hansbrough",21,70,86,70,86,2464,2464,0,0,0,0
"21400077","WAS","Andre Miller, DeJuan Blair, Drew Gooden, Otto Porter Jr., Rasual Butler",21,92,73,95,79,2578,2711,3,6,-3,133
"21400077","TOR","DeMar DeRozan, Greivis Vasquez, James Johnson, Kyle Lowry, Terrence Ross",22,70,86,70,86,2464,2464,0,0,0,0
"21400077","WAS","Andre Miller, DeJuan Blair, Kevin Seraphin, Otto Porter Jr., Rasual Butler",22,95,79,103,84,2711,2880,8,5,3,169
"21400077","TOR","DeMar DeRozan, James Johnson, Jonas Valanciunas, Kyle Lowry, Terrence Ross",23,70,86,77,93,2464,2644,7,7,0,180
"21400077","TOR","DeMar DeRozan, Jonas Valanciunas, Kyle Lowry, Patrick Patterson, Terrence Ross",24,77,93,84,102,2644,2823,7,9,-2,179
"21400077","TOR","Greivis Vasquez, Jonas Valanciunas, Kyle Lowry, Patrick Patterson, Terrence Ross",25,84,102,84,102,2823,2823,0,0,0,0
"21400077","TOR","Greivis Vasquez, Jonas Valanciunas, Landry Fields, Patrick Patterson, Terrence Ross",26,84,102,84,103,2823,2880,0,1,-1,57
"21400078","MEM","Courtney Lee, Marc Gasol, Mike Conley, Tony Allen, Zach Randolph",0,0,0,19,20,0,604,19,20,-1,604
"21400078","OKC","Jeremy Lamb, Lance Thomas, Reggie Jackson, Serge Ibaka, Steven Adams",0,0,0,18,17,0,538,18,17,1,538
"21400078","MEM","Courtney Lee, Marc Gasol, Mike Conley, Vince Carter, Zach Randolph",1,19,20,19,22,604,684,0,2,-2,80
"21400078","OKC","Jeremy Lamb, Lance Thomas, Sebastian Telfair, Serge Ibaka, Steven Adams",1,18,17,20,19,538,604,2,2,0,66
"21400078","MEM","Courtney Lee, Jon Leuer, Marc Gasol, Mike Conley, Vince Carter",2,19,22,19,22,684,720,0,0,0,36
"21400078","OKC","Jeremy Lamb, Lance Thomas, Nick Collison, Sebastian Telfair, Steven Adams",2,20,19,22,19,604,720,2,0,2,116
"21400078","MEM","Beno Udrih, Courtney Lee, Jon Leuer, Marc Gasol, Vince Carter",3,19,22,21,22,720,762,2,0,2,42
"21400078","OKC","Kendrick Perkins, Lance Thomas, Nick Collison, Reggie Jackson, Sebastian Telfair",3,22,19,29,21,720,887,7,2,5,167
"21400078","MEM","Beno Udrih, Jon Leuer, Marc Gasol, Quincy Pondexter, Vince Carter",4,21,22,21,27,762,876,0,5,-5,114
"21400078","OKC","Jeremy Lamb, Kendrick Perkins, Nick Collison, Reggie Jackson, Sebastian Telfair",4,29,21,36,28,887,1069,7,7,0,182
"21400078","MEM","Beno Udrih, Jon Leuer, Kosta Koufos, Quincy Pondexter, Vince Carter",5,21,27,28,31,876,999,7,4,3,123
"21400078","OKC","Jeremy Lamb, Kendrick Perkins, Reggie Jackson, Sebastian Telfair, Serge Ibaka",5,36,28,38,33,1069,1134,2,5,-3,65
"21400078","MEM","Beno Udrih, Jon Leuer, Kosta Koufos, Quincy Pondexter, Tony Allen",6,28,31,28,31,999,999,0,0,0,0
"21400078","OKC","Jeremy Lamb, Reggie Jackson, Sebastian Telfair, Serge Ibaka, Steven Adams",6,38,33,40,33,1134,1186,2,0,2,52
"21400078","MEM","Beno Udrih, Kosta Koufos, Quincy Pondexter, Tony Allen, Zach Randolph",7,28,31,33,38,999,1134,5,7,-2,135
"21400078","OKC","Ish Smith, Jeremy Lamb, Reggie Jackson, Serge Ibaka, Steven Adams",7,40,33,49,40,1186,1440,9,7,2,254
"21400078","MEM","Kosta Koufos, Mike Conley, Quincy Pondexter, Tony Allen, Zach Randolph",8,33,38,33,40,1134,1186,0,2,-2,52
"21400078","OKC","Jeremy Lamb, Lance Thomas, Reggie Jackson, Serge Ibaka, Steven Adams",8,49,40,56,54,1440,1875,7,14,-7,435
"21400078","MEM","Kosta Koufos, Marc Gasol, Mike Conley, Tony Allen, Zach Randolph",9,33,40,33,40,1186,1186,0,0,0,0
"21400078","OKC","Jeremy Lamb, Lance Thomas, Nick Collison, Reggie Jackson, Steven Adams",9,56,54,61,56,1875,1950,5,2,3,75
"21400078","MEM","Courtney Lee, Marc Gasol, Mike Conley, Tony Allen, Zach Randolph",10,33,40,40,47,1186,1416,7,7,0,230
"21400078","OKC","Jeremy Lamb, Lance Thomas, Nick Collison, Sebastian Telfair, Steven Adams",10,61,56,63,56,1950,1958,2,0,2,8
"21400078","MEM","Courtney Lee, Marc Gasol, Mike Conley, Vince Carter, Zach Randolph",11,40,47,40,49,1416,1440,0,2,-2,24
"21400078","OKC","Jeremy Lamb, Kendrick Perkins, Lance Thomas, Nick Collison, Sebastian Telfair",11,63,56,66,62,1958,2160,3,6,-3,202
"21400078","MEM","Courtney Lee, Marc Gasol, Mike Conley, Tony Allen, Zach Randolph",12,40,49,48,56,1440,1766,8,7,1,326
"21400078","OKC","Kendrick Perkins, Lance Thomas, Nick Collison, Reggie Jackson, Sebastian Telfair",12,66,62,72,65,2160,2309,6,3,3,149
"21400078","MEM","Courtney Lee, Marc Gasol, Mike Conley, Vince Carter, Zach Randolph",13,48,56,54,56,1766,1875,6,0,6,109
"21400078","OKC","Kendrick Perkins, Nick Collison, Reggie Jackson, Sebastian Telfair, Serge Ibaka",13,72,65,74,68,2309,2390,2,3,-1,81
"21400078","MEM","Courtney Lee, Kosta Koufos, Mike Conley, Vince Carter, Zach Randolph",14,54,56,57,64,1875,1999,3,8,-5,124
"21400078","OKC","Jeremy Lamb, Kendrick Perkins, Nick Collison, Reggie Jackson, Serge Ibaka",14,74,68,74,68,2390,2390,0,0,0,0
"21400078","MEM","Courtney Lee, Kosta Koufos, Marc Gasol, Mike Conley, Vince Carter",15,57,64,62,66,1999,2126,5,2,3,127
"21400078","OKC","Jeremy Lamb, Nick Collison, Reggie Jackson, Serge Ibaka, Steven Adams",15,74,68,91,89,2390,2880,17,21,-4,490
"21400078","MEM","Beno Udrih, Courtney Lee, Kosta Koufos, Marc Gasol, Vince Carter",16,62,66,62,66,2126,2160,0,0,0,34
"21400078","MEM","Beno Udrih, Kosta Koufos, Marc Gasol, Quincy Pondexter, Vince Carter",17,62,66,73,77,2160,2491,11,11,0,331
"21400078","MEM","Beno Udrih, Kosta Koufos, Marc Gasol, Quincy Pondexter, Tony Allen",18,73,77,73,77,2491,2491,0,0,0,0
"21400078","MEM","Courtney Lee, Kosta Koufos, Marc Gasol, Quincy Pondexter, Tony Allen",19,73,77,73,77,2491,2491,0,0,0,0
"21400078","MEM","Courtney Lee, Kosta Koufos, Marc Gasol, Tony Allen, Zach Randolph",20,73,77,73,77,2491,2491,0,0,0,0
"21400078","MEM","Courtney Lee, Marc Gasol, Mike Conley, Tony Allen, Zach Randolph",21,73,77,81,81,2491,2665,8,4,4,174
"21400078","MEM","Courtney Lee, Marc Gasol, Mike Conley, Quincy Pondexter, Zach Randolph",22,81,81,89,90,2665,2875,8,9,-1,210
"21400078","MEM","Courtney Lee, Marc Gasol, Mike Conley, Tony Allen, Zach Randolph",23,89,90,89,90,2875,2875,0,0,0,0
"21400078","MEM","Courtney Lee, Marc Gasol, Mike Conley, Vince Carter, Zach Randolph",24,89,90,89,91,2875,2878,0,1,-1,3
"21400078","MEM","Courtney Lee, Marc Gasol, Mike Conley, Tony Allen, Zach Randolph",25,89,91,89,91,2878,2880,0,0,0,2
"21400079","PHX","Eric Bledsoe, Goran Dragic, Marcus Morris Sr., Markieff Morris, Miles Plumlee",0,0,0,9,20,0,390,9,20,-11,390
"21400079","SAC","Ben McLemore, Darren Collison, DeMarcus Cousins, Jason Thompson, Rudy Gay",0,0,0,7,4,0,168,7,4,3,168
"21400079","PHX","Alex Len, Eric Bledsoe, Goran Dragic, Marcus Morris Sr., Markieff Morris",1,9,20,15,22,390,526,6,2,4,136
"21400079","SAC","Ben McLemore, DeMarcus Cousins, Jason Thompson, Ramon Sessions, Rudy Gay",1,7,4,18,7,168,347,11,3,8,179
"21400079","PHX","Alex Len, Eric Bledsoe, Gerald Green, Goran Dragic, Marcus Morris Sr.",2,15,22,15,22,526,526,0,0,0,0
"21400079","SAC","Ben McLemore, Carl Landry, DeMarcus Cousins, Ramon Sessions, Rudy Gay",2,18,7,18,7,347,347,0,0,0,0
"21400079","PHX","Alex Len, Gerald Green, Goran Dragic, Marcus Morris Sr., P.J. Tucker",3,15,22,23,32,526,657,8,10,-2,131
"21400079","SAC","Ben McLemore, Carl Landry, Ramon Sessions, Reggie Evans, Rudy Gay",3,18,7,26,17,347,595,8,10,-2,248
"21400079","PHX","Gerald Green, Goran Dragic, Marcus Morris Sr., P.J. Tucker, Shavlik Randolph",4,23,32,25,36,657,720,2,4,-2,63
"21400079","SAC","Carl Landry, Nik Stauskas, Ramon Sessions, Reggie Evans, Rudy Gay",4,26,17,36,25,595,720,10,8,2,125
"21400079","PHX","Gerald Green, Isaiah Thomas, Miles Plumlee, P.J. Tucker, Shavlik Randolph",5,25,36,31,37,720,843,6,1,5,123
"21400079","SAC","Carl Landry, DeMarcus Cousins, Nik Stauskas, Omri Casspi, Ramon Sessions",5,36,25,39,37,720,1053,3,12,-9,333
"21400079","PHX","Gerald Green, Isaiah Thomas, Markieff Morris, Miles Plumlee, P.J. Tucker",6,31,37,35,39,843,984,4,2,2,141
"21400079","SAC","DeMarcus Cousins, Jason Thompson, Nik Stauskas, Omri Casspi, Ramon Sessions",6,39,37,42,37,1053,1077,3,0,3,24
"21400079","PHX","Eric Bledsoe, Isaiah Thomas, Markieff Morris, Miles Plumlee, P.J. Tucker",7,35,39,42,48,984,1157,7,9,-2,173
"21400079","SAC","Darren Collison, DeMarcus Cousins, Jason Thompson, Nik Stauskas, Omri Casspi",7,42,37,42,37,1077,1077,0,0,0,0
"21400079","PHX","Eric Bledsoe, Goran Dragic, Markieff Morris, Miles Plumlee, P.J. Tucker",8,42,48,46,52,1157,1297,4,4,0,140
"21400079","SAC","Darren Collison, DeMarcus Cousins, Jason Thompson, Nik Stauskas, Rudy Gay",8,42,37,52,46,1077,1297,10,9,1,220
"21400079","PHX","Alex Len, Eric Bledsoe, Goran Dragic, Markieff Morris, P.J. Tucker",9,46,52,46,52,1297,1297,0,0,0,0
"21400079","SAC","DeMarcus Cousins, Jason Thompson, Nik Stauskas, Ramon Sessions, Rudy Gay",9,52,46,58,55,1297,1434,6,9,-3,137
"21400079","PHX","Alex Len, Goran Dragic, Marcus Morris Sr., Markieff Morris, P.J. Tucker",10,46,52,55,58,1297,1434,9,6,3,137
"21400079","SAC","DeMarcus Cousins, Jason Thompson, Omri Casspi, Ramon Sessions, Rudy Gay",10,58,55,58,55,1434,1434,0,0,0,0
"21400079","PHX","Gerald Green, Goran Dragic, Marcus Morris Sr., Markieff Morris, P.J. Tucker",11,55,58,55,58,1434,1434,0,0,0,0
"21400079","SAC","DeMarcus Cousins, Derrick Williams, Omri Casspi, Ramon Sessions, Rudy Gay",11,58,55,58,55,1434,1440,0,0,0,6
"21400079","PHX","Gerald Green, Goran Dragic, Isaiah Thomas, Marcus Morris Sr., P.J. Tucker",12,55,58,55,58,1434,1440,0,0,0,6
"21400079","SAC","Ben McLemore, Darren Collison, DeMarcus Cousins, Jason Thompson, Rudy Gay",12,58,55,78,70,1440,1979,20,15,5,539
"21400079","PHX","Eric Bledsoe, Goran Dragic, Marcus Morris Sr., Markieff Morris, Miles Plumlee",13,55,58,62,70,1440,1707,7,12,-5,267
"21400079","SAC","Ben McLemore, Darren Collison, Jason Thompson, Ramon Sessions, Rudy Gay",13,78,70,78,70,1979,1979,0,0,0,0
"21400079","PHX","Alex Len, Eric Bledsoe, Goran Dragic, Marcus Morris Sr., Markieff Morris",14,62,70,70,73,1707,1930,8,3,5,223
"21400079","SAC","Carl Landry, Darren Collison, Jason Thompson, Ramon Sessions, Rudy Gay",14,78,70,78,70,1979,1979,0,0,0,0
"21400079","PHX","Alex Len, Goran Dragic, Isaiah Thomas, Marcus Morris Sr., Markieff Morris",15,70,73,70,73,1930,1930,0,0,0,0
"21400079","SAC","Carl Landry, Jason Thompson, Nik Stauskas, Ramon Sessions, Rudy Gay",15,78,70,82,72,1979,2047,4,2,2,68
"21400079","PHX","Goran Dragic, Isaiah Thomas, Marcus Morris Sr., Markieff Morris, Miles Plumlee",16,70,73,70,78,1930,1979,0,5,-5,49
"21400079","SAC","Carl Landry, Nik Stauskas, Ramon Sessions, Reggie Evans, Rudy Gay",16,82,72,88,77,2047,2160,6,5,1,113
"21400079","PHX","Goran Dragic, Isaiah Thomas, Markieff Morris, Miles Plumlee, P.J. Tucker",17,70,78,72,82,1979,2047,2,4,-2,68
"21400079","SAC","Carl Landry, Nik Stauskas, Omri Casspi, Ramon Sessions, Reggie Evans",17,88,77,91,83,2160,2346,3,6,-3,186
"21400079","PHX","Goran Dragic, Isaiah Thomas, Marcus Morris Sr., Markieff Morris, P.J. Tucker",18,72,82,73,82,2047,2069,1,0,1,22
"21400079","SAC","Carl Landry, DeMarcus Cousins, Nik Stauskas, Omri Casspi, Ramon Sessions",18,91,83,93,83,2346,2417,2,0,2,71
"21400079","PHX","Goran Dragic, Isaiah Thomas, Marcus Morris Sr., P.J. Tucker, Shavlik Randolph",19,73,82,77,88,2069,2160,4,6,-2,91
"21400079","SAC","Carl Landry, Darren Collison, DeMarcus Cousins, Nik Stauskas, Omri Casspi",19,93,83,94,83,2417,2432,1,0,1,15
"21400079","PHX","Gerald Green, Goran Dragic, Isaiah Thomas, P.J. Tucker, Shavlik Randolph",20,77,88,81,91,2160,2252,4,3,1,92
"21400079","SAC","Carl Landry, Darren Collison, DeMarcus Cousins, Nik Stauskas, Rudy Gay",20,94,83,97,99,2432,2820,3,16,-13,388
"21400079","PHX","Eric Bledsoe, Gerald Green, Isaiah Thomas, P.J. Tucker, Shavlik Randolph",21,81,91,83,91,2252,2374,2,0,2,122
"21400079","SAC","Carl Landry, Darren Collison, Jason Thompson, Nik Stauskas, Rudy Gay",21,97,99,99,99,2820,2842,2,0,2,22
"21400079","PHX","Eric Bledsoe, Gerald Green, Isaiah Thomas, Miles Plumlee, P.J. Tucker",22,83,91,90,94,2374,2516,7,3,4,142
"21400079","SAC","Carl Landry, Darren Collison, DeMarcus Cousins, Nik Stauskas, Rudy Gay",22,99,99,99,99,2842,2846,0,0,0,4
"21400079","PHX","Eric Bledsoe, Goran Dragic, Isaiah Thomas, Miles Plumlee, P.J. Tucker",23,90,94,90,94,2516,2516,0,0,0,0
"21400079","SAC","Carl Landry, Darren Collison, Jason Thompson, Nik Stauskas, Rudy Gay",23,99,99,99,99,2846,2846,0,0,0,0
"21400079","PHX","Eric Bledsoe, Goran Dragic, Isaiah Thomas, Markieff Morris, Miles Plumlee",24,90,94,90,94,2516,2516,0,0,0,0
"21400079","SAC","Ben McLemore, Carl Landry, Darren Collison, Jason Thompson, Rudy Gay",24,99,99,99,99,2846,2871,0,0,0,25
"21400079","PHX","Eric Bledsoe, Goran Dragic, Marcus Morris Sr., Markieff Morris, Miles Plumlee",25,90,94,96,96,2516,2683,6,2,4,167
"21400079","SAC","Ben McLemore, Carl Landry, Darren Collison, Ray McCallum, Rudy Gay",25,99,99,99,99,2871,2880,0,0,0,9
"21400079","PHX","Eric Bledsoe, Goran Dragic, Marcus Morris Sr., Miles Plumlee, P.J. Tucker",26,96,96,99,99,2683,2871,3,3,0,188
"21400079","SAC","Ben McLemore, Carl Landry, Darren Collison, Jason Thompson, Rudy Gay",26,99,99,106,106,2880,3166,7,7,0,286
"21400079","PHX","Eric Bledsoe, Goran Dragic, Isaiah Thomas, Marcus Morris Sr., P.J. Tucker",27,99,99,99,99,2871,2880,0,0,0,9
"21400079","SAC","Ben McLemore, Darren Collison, Jason Thompson, Nik Stauskas, Rudy Gay",27,106,106,106,106,3166,3180,0,0,0,14
"21400079","PHX","Eric Bledsoe, Goran Dragic, Marcus Morris Sr., Miles Plumlee, P.J. Tucker",28,99,99,113,112,2880,3462,14,13,1,582
"21400079","SAC","Ben McLemore, Carl Landry, Darren Collison, Jason Thompson, Rudy Gay",28,106,106,112,114,3180,3480,6,8,-2,300
"21400079","PHX","Gerald Green, Goran Dragic, Marcus Morris Sr., Miles Plumlee, P.J. Tucker",29,113,112,114,112,3462,3465,1,0,1,3
"21400079","PHX","Eric Bledsoe, Goran Dragic, Marcus Morris Sr., Miles Plumlee, P.J. Tucker",30,114,112,114,112,3465,3480,0,0,0,15
"21400080","DAL","Chandler Parsons, Dirk Nowitzki, Jameer Nelson, Monta Ellis, Tyson Chandler",0,0,0,14,10,0,364,14,10,4,364
"21400080","UTA","Alec Burks, Derrick Favors, Enes Kanter, Gordon Hayward, Trey Burke",0,0,0,10,14,0,364,10,14,-4,364
"21400080","DAL","Brandan Wright, Chandler Parsons, Jameer Nelson, Monta Ellis, Tyson Chandler",1,14,10,18,10,364,469,4,0,4,105
"21400080","UTA","Alec Burks, Derrick Favors, Enes Kanter, Rodney Hood, Trey Burke",1,10,14,10,18,364,469,0,4,-4,105
"21400080","DAL","Brandan Wright, Chandler Parsons, Devin Harris, Monta Ellis, Tyson Chandler",2,18,10,18,10,469,482,0,0,0,13
"21400080","UTA","Alec Burks, Derrick Favors, Rodney Hood, Trevor Booker, Trey Burke",2,10,18,10,18,469,524,0,0,0,55
"21400080","DAL","Al-Farouq Aminu, Brandan Wright, Chandler Parsons, Devin Harris, Monta Ellis",3,18,10,22,12,482,596,4,2,2,114
"21400080","UTA","Alec Burks, Rodney Hood, Rudy Gobert, Trevor Booker, Trey Burke",3,10,18,10,18,524,524,0,0,0,0
"21400080","DAL","Al-Farouq Aminu, Brandan Wright, Chandler Parsons, Devin Harris, J.J. Barea",4,22,12,22,12,596,596,0,0,0,0
"21400080","UTA","Alec Burks, Dante Exum, Rodney Hood, Rudy Gobert, Trevor Booker",4,10,18,14,22,524,632,4,4,0,108
"21400080","DAL","Al-Farouq Aminu, Brandan Wright, Devin Harris, Dirk Nowitzki, J.J. Barea",5,22,12,24,17,596,695,2,5,-3,99
"21400080","UTA","Dante Exum, Joe Ingles, Rodney Hood, Rudy Gobert, Trevor Booker",5,14,22,17,24,632,720,3,2,1,88
"21400080","DAL","Al-Farouq Aminu, Brandan Wright, Charlie Villanueva, Devin Harris, J.J. Barea",6,24,17,24,23,695,786,0,6,-6,91
"21400080","UTA","Dante Exum, Gordon Hayward, Joe Ingles, Rudy Gobert, Trevor Booker",6,17,24,25,32,720,954,8,8,0,234
"21400080","DAL","Al-Farouq Aminu, Brandan Wright, Devin Harris, Dirk Nowitzki, J.J. Barea",7,24,23,24,23,786,786,0,0,0,0
"21400080","UTA","Dante Exum, Derrick Favors, Gordon Hayward, Joe Ingles, Trevor Booker",7,25,32,25,35,954,980,0,3,-3,26
"21400080","DAL","Al-Farouq Aminu, Devin Harris, Dirk Nowitzki, J.J. Barea, Tyson Chandler",8,24,23,32,25,786,954,8,2,6,168
"21400080","UTA","Dante Exum, Derrick Favors, Enes Kanter, Gordon Hayward, Joe Ingles",8,25,35,25,35,980,980,0,0,0,0
"21400080","DAL","Chandler Parsons, Devin Harris, Dirk Nowitzki, J.J. Barea, Tyson Chandler",9,32,25,32,25,954,954,0,0,0,0
"21400080","UTA","Alec Burks, Dante Exum, Derrick Favors, Enes Kanter, Gordon Hayward",9,25,35,25,35,980,980,0,0,0,0
"21400080","DAL","Brandan Wright, Chandler Parsons, Devin Harris, Dirk Nowitzki, J.J. Barea",10,32,25,35,25,954,980,3,0,3,26
"21400080","UTA","Alec Burks, Derrick Favors, Enes Kanter, Gordon Hayward, Trey Burke",10,25,35,34,39,980,1219,9,4,5,239
"21400080","DAL","Brandan Wright, Chandler Parsons, Devin Harris, Dirk Nowitzki, Monta Ellis",11,35,25,35,25,980,980,0,0,0,0
"21400080","UTA","Alec Burks, Derrick Favors, Enes Kanter, Joe Ingles, Trey Burke",11,34,39,34,45,1219,1312,0,6,-6,93
"21400080","DAL","Brandan Wright, Chandler Parsons, Dirk Nowitzki, Jameer Nelson, Monta Ellis",12,35,25,37,25,980,1060,2,0,2,80
"21400080","UTA","Alec Burks, Derrick Favors, Enes Kanter, Gordon Hayward, Trey Burke",12,34,45,36,48,1312,1362,2,3,-1,50
"21400080","DAL","Brandan Wright, Chandler Parsons, Jameer Nelson, Monta Ellis, Tyson Chandler",13,37,25,39,34,1060,1219,2,9,-7,159
"21400080","UTA","Dante Exum, Derrick Favors, Enes Kanter, Gordon Hayward, Trey Burke",13,36,48,44,52,1362,1440,8,4,4,78
"21400080","DAL","Chandler Parsons, Dirk Nowitzki, Jameer Nelson, Monta Ellis, Tyson Chandler",14,39,34,39,34,1219,1219,0,0,0,0
"21400080","UTA","Alec Burks, Derrick Favors, Enes Kanter, Gordon Hayward, Trey Burke",14,44,52,44,57,1440,1537,0,5,-5,97
"21400080","DAL","Chandler Parsons, Devin Harris, Dirk Nowitzki, Monta Ellis, Tyson Chandler",15,39,34,52,41,1219,1419,13,7,6,200
"21400080","UTA","Alec Burks, Enes Kanter, Gordon Hayward, Rudy Gobert, Trey Burke",15,44,57,48,61,1537,1718,4,4,0,181
"21400080","DAL","Brandan Wright, Chandler Parsons, Devin Harris, Monta Ellis, Tyson Chandler",16,52,41,52,44,1419,1440,0,3,-3,21
"21400080","UTA","Enes Kanter, Gordon Hayward, Joe Ingles, Rudy Gobert, Trey Burke",16,48,61,48,63,1718,1798,0,2,-2,80
"21400080","DAL","Chandler Parsons, Dirk Nowitzki, Jameer Nelson, Monta Ellis, Tyson Chandler",17,52,44,61,48,1440,1718,9,4,5,278
"21400080","UTA","Derrick Favors, Enes Kanter, Gordon Hayward, Joe Ingles, Trey Burke",17,48,63,48,63,1798,1798,0,0,0,0
"21400080","DAL","Brandan Wright, Chandler Parsons, Dirk Nowitzki, Jameer Nelson, Monta Ellis",18,61,48,63,48,1718,1798,2,0,2,80
"21400080","UTA","Dante Exum, Derrick Favors, Enes Kanter, Gordon Hayward, Joe Ingles",18,48,63,48,63,1798,1798,0,0,0,0
"21400080","DAL","Brandan Wright, Chandler Parsons, Jameer Nelson, Monta Ellis, Tyson Chandler",19,63,48,68,51,1798,1930,5,3,2,132
"21400080","UTA","Dante Exum, Derrick Favors, Gordon Hayward, Joe Ingles, Trevor Booker",19,48,63,54,72,1798,2032,6,9,-3,234
"21400080","DAL","Brandan Wright, Chandler Parsons, Devin Harris, Monta Ellis, Tyson Chandler",20,68,51,68,53,1930,1939,0,2,-2,9
"21400080","UTA","Dante Exum, Derrick Favors, Gordon Hayward, Jeremy Evans, Joe Ingles",20,54,72,54,72,2032,2032,0,0,0,0
"21400080","DAL","Brandan Wright, Chandler Parsons, Devin Harris, J.J. Barea, Tyson Chandler",21,68,53,72,54,1939,2032,4,1,3,93
"21400080","UTA","Alec Burks, Dante Exum, Derrick Favors, Gordon Hayward, Jeremy Evans",21,54,72,62,78,2032,2160,8,6,2,128
"21400080","DAL","Al-Farouq Aminu, Brandan Wright, Chandler Parsons, Devin Harris, J.J. Barea",22,72,54,72,54,2032,2032,0,0,0,0
"21400080","UTA","Alec Burks, Dante Exum, Jeremy Evans, Rudy Gobert, Trey Burke",22,62,78,62,82,2160,2263,0,4,-4,103
"21400080","DAL","Al-Farouq Aminu, Brandan Wright, Devin Harris, Dirk Nowitzki, J.J. Barea",23,72,54,91,70,2032,2426,19,16,3,394
"21400080","UTA","Alec Burks, Dante Exum, Derrick Favors, Rudy Gobert, Trey Burke",23,62,82,67,85,2263,2327,5,3,2,64
"21400080","DAL","Al-Farouq Aminu, Brandan Wright, Devin Harris, J.J. Barea, Monta Ellis",24,91,70,91,70,2426,2426,0,0,0,0
"21400080","UTA","Alec Burks, Dante Exum, Enes Kanter, Rudy Gobert, Trey Burke",24,67,85,70,91,2327,2426,3,6,-3,99
"21400080","DAL","Al-Farouq Aminu, Brandan Wright, J.J. Barea, Jameer Nelson, Monta Ellis",25,91,70,91,70,2426,2426,0,0,0,0
"21400080","UTA","Alec Burks, Dante Exum, Enes Kanter, Ian Clark, Rudy Gobert",25,70,91,77,100,2426,2649,7,9,-2,223
"21400080","DAL","Al-Farouq Aminu, Brandan Wright, Jameer Nelson, Monta Ellis, Tyson Chandler",26,91,70,95,75,2426,2541,4,5,-1,115
"21400080","UTA","Alec Burks, Dante Exum, Ian Clark, Rudy Gobert, Steve Novak",26,77,100,77,100,2649,2674,0,0,0,25
"21400080","DAL","Al-Farouq Aminu, Jameer Nelson, Monta Ellis, Richard Jefferson, Tyson Chandler",27,95,75,100,77,2541,2649,5,2,3,108
"21400080","UTA","Dante Exum, Ian Clark, Joe Ingles, Rudy Gobert, Steve Novak",27,77,100,82,105,2674,2880,5,5,0,206
"21400080","DAL","Al-Farouq Aminu, Jae Crowder, Jameer Nelson, Richard Jefferson, Tyson Chandler",28,100,77,100,77,2649,2674,0,0,0,25
"21400080","DAL","Al-Farouq Aminu, Greg Smith, Jae Crowder, Jameer Nelson, Richard Jefferson",29,100,77,100,77,2674,2674,0,0,0,0
"21400080","DAL","Al-Farouq Aminu, Charlie Villanueva, Greg Smith, Jae Crowder, Richard Jefferson",30,100,77,100,77,2674,2674,0,0,0,0
"21400080","DAL","Charlie Villanueva, Greg Smith, J.J. Barea, Jae Crowder, Richard Jefferson",31,100,77,105,82,2674,2880,5,5,0,206
"21400081","CLE","Anderson Varejao, Kevin Love, Kyrie Irving, LeBron James, Shawn Marion",0,0,0,19,7,0,414,19,7,12,414
"21400081","DEN","Arron Afflalo, Kenneth Faried, Nate Robinson, Timofey Mozgov, Wilson Chandler",0,0,0,5,10,0,288,5,10,-5,288
"21400081","CLE","Anderson Varejao, Dion Waiters, Kevin Love, LeBron James, Shawn Marion",1,19,7,23,7,414,458,4,0,4,44
"21400081","DEN","Arron Afflalo, JaVale McGee, Kenneth Faried, Nate Robinson, Wilson Chandler",1,5,10,7,19,288,414,2,9,-7,126
"21400081","CLE","Anderson Varejao, Dion Waiters, Kevin Love, LeBron James, Mike Miller",2,23,7,23,7,458,458,0,0,0,0
"21400081","DEN","Arron Afflalo, Darrell Arthur, JaVale McGee, Nate Robinson, Wilson Chandler",2,7,19,7,19,414,414,0,0,0,0
"21400081","CLE","Dion Waiters, Kevin Love, LeBron James, Mike Miller, Tristan Thompson",3,23,7,28,17,458,593,5,10,-5,135
"21400081","DEN","Arron Afflalo, Darrell Arthur, JaVale McGee, Randy Foye, Wilson Chandler",3,7,19,17,28,414,593,10,9,1,179
"21400081","CLE","Dion Waiters, Kevin Love, Mike Miller, Shawn Marion, Tristan Thompson",4,28,17,28,17,593,593,0,0,0,0
"21400081","DEN","Arron Afflalo, Danilo Gallinari, Darrell Arthur, JaVale McGee, Randy Foye",4,17,28,17,30,593,621,0,2,-2,28
"21400081","CLE","Dion Waiters, Kyrie Irving, Mike Miller, Shawn Marion, Tristan Thompson",5,28,17,38,20,593,720,10,3,7,127
"21400081","DEN","Alonzo Gee, Danilo Gallinari, Darrell Arthur, JaVale McGee, Randy Foye",5,17,30,20,37,621,716,3,7,-4,95
"21400081","CLE","Anderson Varejao, Dion Waiters, Kyrie Irving, Shawn Marion, Tristan Thompson",6,38,20,42,27,720,897,4,7,-3,177
"21400081","DEN","Alonzo Gee, Danilo Gallinari, JaVale McGee, Kenneth Faried, Randy Foye",6,20,37,20,38,716,720,0,1,-1,4
"21400081","CLE","Anderson Varejao, Dion Waiters, Kyrie Irving, LeBron James, Tristan Thompson",7,42,27,45,29,897,944,3,2,1,47
"21400081","DEN","Alonzo Gee, Danilo Gallinari, Kenneth Faried, Nate Robinson, Randy Foye",7,20,38,27,42,720,897,7,4,3,177
"21400081","CLE","Anderson Varejao, Dion Waiters, LeBron James, Tristan Thompson, Will Cherry",8,45,29,48,34,944,1107,3,5,-2,163
"21400081","DEN","Alonzo Gee, Danilo Gallinari, Kenneth Faried, Nate Robinson, Wilson Chandler",8,27,42,29,45,897,944,2,3,-1,47
"21400081","CLE","Anderson Varejao, Kevin Love, LeBron James, Tristan Thompson, Will Cherry",9,48,34,48,34,1107,1107,0,0,0,0
"21400081","DEN","Alonzo Gee, Danilo Gallinari, Nate Robinson, Timofey Mozgov, Wilson Chandler",9,29,45,34,48,944,1107,5,3,2,163
"21400081","CLE","Anderson Varejao, Kevin Love, Kyrie Irving, LeBron James, Will Cherry",10,48,34,48,34,1107,1107,0,0,0,0
"21400081","DEN","Arron Afflalo, Danilo Gallinari, Nate Robinson, Timofey Mozgov, Wilson Chandler",10,34,48,39,50,1107,1231,5,2,3,124
"21400081","CLE","Anderson Varejao, Kevin Love, Kyrie Irving, LeBron James, Shawn Marion",11,48,34,50,39,1107,1231,2,5,-3,124
"21400081","DEN","Arron Afflalo, Kenneth Faried, Nate Robinson, Timofey Mozgov, Wilson Chandler",11,39,50,39,51,1231,1271,0,1,-1,40
"21400081","CLE","Kevin Love, Kyrie Irving, LeBron James, Shawn Marion, Tristan Thompson",12,50,39,51,39,1231,1271,1,0,1,40
"21400081","DEN","Arron Afflalo, Kenneth Faried, Nate Robinson, Randy Foye, Timofey Mozgov",12,39,51,39,51,1271,1283,0,0,0,12
"21400081","CLE","Joe Harris, Kevin Love, Kyrie Irving, LeBron James, Tristan Thompson",13,51,39,58,45,1271,1419,7,6,1,148
"21400081","DEN","Arron Afflalo, JaVale McGee, Kenneth Faried, Nate Robinson, Randy Foye",13,39,51,45,58,1283,1440,6,7,-1,157
"21400081","CLE","Kevin Love, Kyrie Irving, LeBron James, Shawn Marion, Tristan Thompson",14,58,45,58,45,1419,1419,0,0,0,0
"21400081","DEN","Arron Afflalo, Kenneth Faried, Nate Robinson, Timofey Mozgov, Wilson Chandler",14,45,58,50,68,1440,1642,5,10,-5,202
"21400081","CLE","Kevin Love, Kyrie Irving, LeBron James, Mike Miller, Shawn Marion",15,58,45,58,45,1419,1440,0,0,0,21
"21400081","DEN","Arron Afflalo, Kenneth Faried, Nate Robinson, Randy Foye, Timofey Mozgov",15,50,68,58,77,1642,1855,8,9,-1,213
"21400081","CLE","Anderson Varejao, Kevin Love, Kyrie Irving, LeBron James, Shawn Marion",16,58,45,77,58,1440,1855,19,13,6,415
"21400081","DEN","Arron Afflalo, Danilo Gallinari, Kenneth Faried, Randy Foye, Timofey Mozgov",16,58,77,58,77,1855,1885,0,0,0,30
"21400081","CLE","Anderson Varejao, Dion Waiters, Kevin Love, LeBron James, Shawn Marion",17,77,58,77,58,1855,1885,0,0,0,30
"21400081","DEN","Arron Afflalo, Danilo Gallinari, Jusuf Nurkic, Randy Foye, Timofey Mozgov",17,58,77,63,83,1885,2043,5,6,-1,158
"21400081","CLE","Anderson Varejao, Dion Waiters, Kevin Love, LeBron James, Mike Miller",18,77,58,77,58,1885,1885,0,0,0,0
"21400081","DEN","Alonzo Gee, Danilo Gallinari, Jusuf Nurkic, Randy Foye, Timofey Mozgov",18,63,83,63,83,2043,2043,0,0,0,0
"21400081","CLE","Dion Waiters, Kevin Love, LeBron James, Mike Miller, Tristan Thompson",19,77,58,83,63,1885,2043,6,5,1,158
"21400081","DEN","Alonzo Gee, Danilo Gallinari, Erick Green, Jusuf Nurkic, Randy Foye",19,63,83,83,92,2043,2432,20,9,11,389
"21400081","CLE","Dion Waiters, Kevin Love, Kyrie Irving, Mike Miller, Tristan Thompson",20,83,63,83,63,2043,2043,0,0,0,0
"21400081","DEN","Alonzo Gee, Erick Green, Jusuf Nurkic, Randy Foye, Wilson Chandler",20,83,92,88,98,2432,2558,5,6,-1,126
"21400081","CLE","Dion Waiters, Kyrie Irving, Mike Miller, Shawn Marion, Tristan Thompson",21,83,63,88,77,2043,2241,5,14,-9,198
"21400081","DEN","Alonzo Gee, Arron Afflalo, Jusuf Nurkic, Randy Foye, Wilson Chandler",21,88,98,101,110,2558,2880,13,12,1,322
"21400081","CLE","Dion Waiters, Kyrie Irving, LeBron James, Mike Miller, Tristan Thompson",22,88,77,88,77,2241,2241,0,0,0,0
"21400081","CLE","Kevin Love, Kyrie Irving, LeBron James, Mike Miller, Tristan Thompson",23,88,77,88,79,2241,2310,0,2,-2,69
"21400081","CLE","Anderson Varejao, Kevin Love, Kyrie Irving, LeBron James, Mike Miller",24,88,79,96,86,2310,2508,8,7,1,198
"21400081","CLE","Anderson Varejao, Dion Waiters, Kevin Love, Kyrie Irving, LeBron James",25,96,86,98,88,2508,2558,2,2,0,50
"21400081","CLE","Dion Waiters, Kevin Love, Kyrie Irving, LeBron James, Shawn Marion",26,98,88,110,101,2558,2880,12,13,-1,322
"21400082","LAC","Blake Griffin, Chris Paul, DeAndre Jordan, Jamal Crawford, JJ Redick",0,0,0,22,12,0,340,22,12,10,340
"21400082","POR","Damian Lillard, LaMarcus Aldridge, Nicolas Batum, Robin Lopez, Wesley Matthews",0,0,0,12,17,0,276,12,17,-5,276
"21400082","LAC","Blake Griffin, Chris Paul, DeAndre Jordan, JJ Redick, Matt Barnes",1,22,12,31,25,340,513,9,13,-4,173
"21400082","POR","CJ McCollum, Damian Lillard, LaMarcus Aldridge, Nicolas Batum, Robin Lopez",1,12,17,16,25,276,385,4,8,-4,109
"21400082","LAC","Blake Griffin, Chris Paul, JJ Redick, Matt Barnes, Spencer Hawes",2,31,25,34,25,513,545,3,0,3,32
"21400082","POR","Chris Kaman, CJ McCollum, Damian Lillard, LaMarcus Aldridge, Nicolas Batum",2,16,25,16,25,385,385,0,0,0,0
"21400082","LAC","Blake Griffin, Chris Paul, Jordan Farmar, Matt Barnes, Spencer Hawes",3,34,25,38,29,545,638,4,4,0,93
"21400082","POR","Chris Kaman, Damian Lillard, LaMarcus Aldridge, Nicolas Batum, Steve Blake",3,16,25,25,34,385,545,9,9,0,160
"21400082","LAC","Chris Paul, DeAndre Jordan, Jordan Farmar, Matt Barnes, Spencer Hawes",4,38,29,38,29,638,638,0,0,0,0
"21400082","POR","Chris Kaman, Damian Lillard, LaMarcus Aldridge, Steve Blake, Will Barton",4,25,34,29,36,545,612,4,2,2,67
"21400082","LAC","DeAndre Jordan, Jamal Crawford, Jordan Farmar, Matt Barnes, Spencer Hawes",5,38,29,40,35,638,838,2,6,-4,200
"21400082","POR","Chris Kaman, CJ McCollum, LaMarcus Aldridge, Steve Blake, Will Barton",5,29,36,30,38,612,650,1,2,-1,38
"21400082","LAC","DeAndre Jordan, Glen Davis, Jamal Crawford, Jordan Farmar, Matt Barnes",6,40,35,44,37,838,947,4,2,2,109
"21400082","POR","Chris Kaman, CJ McCollum, Steve Blake, Thomas Robinson, Will Barton",6,30,38,35,40,650,838,5,2,3,188
"21400082","LAC","Blake Griffin, DeAndre Jordan, Glen Davis, Jamal Crawford, Matt Barnes",7,44,37,44,37,947,947,0,0,0,0
"21400082","POR","Chris Kaman, Steve Blake, Thomas Robinson, Wesley Matthews, Will Barton",7,35,40,37,40,838,882,2,0,2,44
"21400082","LAC","Blake Griffin, Chris Paul, DeAndre Jordan, Jamal Crawford, Matt Barnes",8,44,37,44,38,947,981,0,1,-1,34
"21400082","POR","Chris Kaman, Damian Lillard, Thomas Robinson, Wesley Matthews, Will Barton",8,37,40,38,44,882,981,1,4,-3,99
"21400082","LAC","Blake Griffin, Chris Paul, DeAndre Jordan, Jamal Crawford, JJ Redick",9,44,38,52,40,981,1182,8,2,6,201
"21400082","POR","Damian Lillard, Robin Lopez, Thomas Robinson, Wesley Matthews, Will Barton",9,38,44,38,44,981,981,0,0,0,0
"21400082","LAC","Blake Griffin, Chris Paul, DeAndre Jordan, JJ Redick, Matt Barnes",10,52,40,60,49,1182,1398,8,9,-1,216
"21400082","POR","Damian Lillard, LaMarcus Aldridge, Robin Lopez, Wesley Matthews, Will Barton",10,38,44,40,50,981,1115,2,6,-4,134
"21400082","LAC","Blake Griffin, Chris Paul, JJ Redick, Matt Barnes, Spencer Hawes",11,60,49,60,51,1398,1411,0,2,-2,13
"21400082","POR","Damian Lillard, LaMarcus Aldridge, Nicolas Batum, Robin Lopez, Wesley Matthews",11,40,50,49,60,1115,1398,9,10,-1,283
"21400082","LAC","Chris Paul, DeAndre Jordan, JJ Redick, Matt Barnes, Spencer Hawes",12,60,51,60,51,1411,1411,0,0,0,0
"21400082","POR","LaMarcus Aldridge, Nicolas Batum, Robin Lopez, Steve Blake, Wesley Matthews",12,49,60,51,60,1398,1411,2,0,2,13
"21400082","LAC","Chris Paul, DeAndre Jordan, Glen Davis, JJ Redick, Matt Barnes",13,60,51,62,53,1411,1440,2,2,0,29
"21400082","POR","Damian Lillard, LaMarcus Aldridge, Nicolas Batum, Robin Lopez, Wesley Matthews",13,51,60,71,71,1411,1858,20,11,9,447
"21400082","LAC","Blake Griffin, Chris Paul, DeAndre Jordan, Jamal Crawford, JJ Redick",14,62,53,71,63,1440,1733,9,10,-1,293
"21400082","POR","Chris Kaman, Damian Lillard, LaMarcus Aldridge, Nicolas Batum, Robin Lopez",14,71,71,71,71,1858,1858,0,0,0,0
"21400082","LAC","Chris Paul, DeAndre Jordan, Jamal Crawford, JJ Redick, Spencer Hawes",15,71,63,75,77,1733,1999,4,14,-10,266
"21400082","POR","Chris Kaman, Damian Lillard, LaMarcus Aldridge, Nicolas Batum, Steve Blake",15,71,71,77,72,1858,1960,6,1,5,102
"21400082","LAC","Chris Paul, DeAndre Jordan, Jamal Crawford, Matt Barnes, Spencer Hawes",16,75,77,77,79,1999,2035,2,2,0,36
"21400082","POR","Chris Kaman, CJ McCollum, LaMarcus Aldridge, Nicolas Batum, Steve Blake",16,77,72,79,79,1960,2105,2,7,-5,145
"21400082","LAC","DeAndre Jordan, Jamal Crawford, Jordan Farmar, Matt Barnes, Spencer Hawes",17,77,79,77,79,2035,2072,0,0,0,37
"21400082","POR","Chris Kaman, CJ McCollum, LaMarcus Aldridge, Steve Blake, Wesley Matthews",17,79,79,79,79,2105,2160,0,0,0,55
"21400082","LAC","Glen Davis, Jamal Crawford, Jordan Farmar, Matt Barnes, Spencer Hawes",18,77,79,79,79,2072,2105,2,0,2,33
"21400082","POR","Chris Kaman, CJ McCollum, Robin Lopez, Steve Blake, Wesley Matthews",18,79,79,81,79,2160,2241,2,0,2,81
"21400082","LAC","DeAndre Jordan, Glen Davis, Jamal Crawford, Jordan Farmar, Matt Barnes",19,79,79,79,79,2105,2160,0,0,0,55
"21400082","POR","Chris Kaman, Damian Lillard, Robin Lopez, Steve Blake, Wesley Matthews",19,81,79,86,81,2241,2370,5,2,3,129
"21400082","LAC","Blake Griffin, Glen Davis, JJ Redick, Jordan Farmar, Matt Barnes",20,79,79,81,88,2160,2419,2,9,-7,259
"21400082","POR","Chris Kaman, Damian Lillard, Nicolas Batum, Robin Lopez, Steve Blake",20,86,81,86,81,2370,2370,0,0,0,0
"21400082","LAC","Blake Griffin, Chris Paul, Glen Davis, JJ Redick, Matt Barnes",21,81,88,83,90,2419,2452,2,2,0,33
"21400082","POR","Damian Lillard, LaMarcus Aldridge, Nicolas Batum, Robin Lopez, Steve Blake",21,86,81,90,83,2370,2452,4,2,2,82
"21400082","LAC","Blake Griffin, Chris Paul, DeAndre Jordan, JJ Redick, Matt Barnes",22,83,90,91,96,2452,2591,8,6,2,139
"21400082","POR","Damian Lillard, LaMarcus Aldridge, Nicolas Batum, Robin Lopez, Wesley Matthews",22,90,83,104,100,2452,2842,14,17,-3,390
"21400082","LAC","Blake Griffin, Chris Paul, DeAndre Jordan, Jamal Crawford, JJ Redick",23,91,96,100,104,2591,2842,9,8,1,251
"21400082","POR","Damian Lillard, LaMarcus Aldridge, Nicolas Batum, Steve Blake, Wesley Matthews",23,104,100,106,102,2842,2880,2,2,0,38
"21400082","LAC","Blake Griffin, Chris Paul, DeAndre Jordan, Jamal Crawford, Matt Barnes",24,100,104,102,106,2842,2880,2,2,0,38
"21400083","IND","Chris Copeland, Donald Sloan, Luis Scola, Roy Hibbert, Solomon Hill",0,0,0,6,16,0,457,6,16,-10,457
"21400083","WAS","Garrett Temple, John Wall, Marcin Gortat, Nene, Paul Pierce",0,0,0,16,6,0,457,16,6,10,457
"21400083","IND","Chris Copeland, Donald Sloan, Lavoy Allen, Roy Hibbert, Solomon Hill",1,6,16,8,16,457,465,2,0,2,8
"21400083","WAS","Garrett Temple, John Wall, Kris Humphries, Marcin Gortat, Nene",1,16,6,16,6,457,457,0,0,0,0
"21400083","IND","Damjan Rudez, Donald Sloan, Lavoy Allen, Roy Hibbert, Solomon Hill",2,8,16,12,29,465,664,4,13,-9,199
"21400083","WAS","Garrett Temple, John Wall, Kris Humphries, Nene, Otto Porter Jr.",2,16,6,21,10,457,522,5,4,1,65
"21400083","IND","Damjan Rudez, Donald Sloan, Ian Mahinmi, Lavoy Allen, Solomon Hill",3,12,29,12,29,664,664,0,0,0,0
"21400083","WAS","Garrett Temple, John Wall, Kevin Seraphin, Kris Humphries, Otto Porter Jr.",3,21,10,29,12,522,664,8,2,6,142
"21400083","IND","AJ Price, Damjan Rudez, Ian Mahinmi, Lavoy Allen, Solomon Hill",4,12,29,14,32,664,720,2,3,-1,56
"21400083","WAS","Andre Miller, Garrett Temple, Kevin Seraphin, Kris Humphries, Otto Porter Jr.",4,29,12,32,14,664,720,3,2,1,56
"21400083","IND","AJ Price, Chris Copeland, Damjan Rudez, Ian Mahinmi, Lavoy Allen",5,14,32,16,36,720,978,2,4,-2,258
"21400083","WAS","Andre Miller, Kevin Seraphin, Kris Humphries, Otto Porter Jr., Rasual Butler",5,32,14,46,29,720,1175,14,15,-1,455
"21400083","IND","AJ Price, Chris Copeland, Damjan Rudez, Lavoy Allen, Solomon Hill",6,16,36,19,39,978,1033,3,3,0,55
"21400083","WAS","Andre Miller, Kevin Seraphin, Otto Porter Jr., Paul Pierce, Rasual Butler",6,46,29,46,29,1175,1175,0,0,0,0
"21400083","IND","AJ Price, Chris Copeland, Damjan Rudez, Luis Scola, Solomon Hill",7,19,39,33,52,1033,1306,14,13,1,273
"21400083","WAS","Andre Miller, Kevin Seraphin, Nene, Paul Pierce, Rasual Butler",7,46,29,52,33,1175,1306,6,4,2,131
"21400083","IND","Chris Copeland, Damjan Rudez, Donald Sloan, Luis Scola, Solomon Hill",8,33,52,33,52,1306,1323,0,0,0,17
"21400083","WAS","John Wall, Kevin Seraphin, Nene, Paul Pierce, Rasual Butler",8,52,33,54,35,1306,1440,2,2,0,134
"21400083","IND","Chris Copeland, Donald Sloan, Ian Mahinmi, Luis Scola, Solomon Hill",9,33,52,53,66,1323,1929,20,14,6,606
"21400083","WAS","Garrett Temple, John Wall, Marcin Gortat, Nene, Paul Pierce",9,54,35,66,53,1440,1929,12,18,-6,489
"21400083","IND","Donald Sloan, Ian Mahinmi, Lavoy Allen, Luis Scola, Solomon Hill",10,53,66,53,66,1929,1929,0,0,0,0
"21400083","WAS","Garrett Temple, John Wall, Kris Humphries, Marcin Gortat, Nene",10,66,53,66,53,1929,1929,0,0,0,0
"21400083","IND","Damjan Rudez, Donald Sloan, Ian Mahinmi, Lavoy Allen, Solomon Hill",11,53,66,58,70,1929,2040,5,4,1,111
"21400083","WAS","Garrett Temple, John Wall, Kris Humphries, Marcin Gortat, Otto Porter Jr.",11,66,53,70,58,1929,2040,4,5,-1,111
"21400083","IND","AJ Price, Damjan Rudez, Ian Mahinmi, Lavoy Allen, Solomon Hill",12,58,70,58,70,2040,2040,0,0,0,0
"21400083","WAS","Garrett Temple, John Wall, Kevin Seraphin, Kris Humphries, Otto Porter Jr.",12,70,58,71,62,2040,2080,1,4,-3,40
"21400083","IND","AJ Price, Chris Copeland, Damjan Rudez, Lavoy Allen, Solomon Hill",13,58,70,62,71,2040,2080,4,1,3,40
"21400083","WAS","John Wall, Kevin Seraphin, Kris Humphries, Otto Porter Jr., Rasual Butler",13,71,62,73,65,2080,2160,2,3,-1,80
"21400083","IND","AJ Price, Chris Copeland, Damjan Rudez, Shayne Whittington, Solomon Hill",14,62,71,71,79,2080,2293,9,8,1,213
"21400083","WAS","Andre Miller, Kevin Seraphin, Kris Humphries, Otto Porter Jr., Rasual Butler",14,73,65,79,71,2160,2293,6,6,0,133
"21400083","IND","AJ Price, Damjan Rudez, Ian Mahinmi, Shayne Whittington, Solomon Hill",15,71,79,78,83,2293,2447,7,4,3,154
"21400083","WAS","Andre Miller, Kris Humphries, Nene, Otto Porter Jr., Rasual Butler",15,79,71,79,74,2293,2326,0,3,-3,33
"21400083","IND","Damjan Rudez, Donald Sloan, Ian Mahinmi, Shayne Whittington, Solomon Hill",16,78,83,80,85,2447,2518,2,2,0,71
"21400083","WAS","John Wall, Kris Humphries, Nene, Otto Porter Jr., Rasual Butler",16,79,74,79,76,2326,2354,0,2,-2,28
"21400083","IND","Chris Copeland, Damjan Rudez, Donald Sloan, Ian Mahinmi, Shayne Whittington",17,80,85,80,85,2518,2575,0,0,0,57
"21400083","WAS","John Wall, Marcin Gortat, Nene, Otto Porter Jr., Rasual Butler",17,79,76,79,76,2354,2354,0,0,0,0
"21400083","IND","Chris Copeland, Donald Sloan, Ian Mahinmi, Luis Scola, Shayne Whittington",18,80,85,80,85,2575,2575,0,0,0,0
"21400083","WAS","Garrett Temple, John Wall, Marcin Gortat, Nene, Rasual Butler",18,79,76,81,78,2354,2421,2,2,0,67
"21400083","IND","Chris Copeland, Donald Sloan, Ian Mahinmi, Luis Scola, Solomon Hill",19,80,85,88,93,2575,2841,8,8,0,266
"21400083","WAS","Garrett Temple, John Wall, Marcin Gortat, Nene, Paul Pierce",19,81,78,93,88,2421,2841,12,10,2,420
"21400083","IND","Chris Copeland, Damjan Rudez, Donald Sloan, Luis Scola, Solomon Hill",20,88,93,90,97,2841,2880,2,4,-2,39
"21400083","WAS","Garrett Temple, John Wall, Nene, Otto Porter Jr., Paul Pierce",20,93,88,97,90,2841,2880,4,2,2,39
"21400084","ATL","Al Horford, DeMarre Carroll, Jeff Teague, Kyle Korver, Paul Millsap",0,0,0,7,17,0,342,7,17,-10,342
"21400084","NYK","Carmelo Anthony, Iman Shumpert, Samuel Dalembert, Shane Larkin, Tim Hardaway Jr.",0,0,0,19,10,0,374,19,10,9,374
"21400084","ATL","DeMarre Carroll, Jeff Teague, Kyle Korver, Paul Millsap, Pero Antic",1,7,17,10,19,342,374,3,2,1,32
"21400084","NYK","Carmelo Anthony, Iman Shumpert, JR Smith, Samuel Dalembert, Tim Hardaway Jr.",1,19,10,21,12,374,437,2,2,0,63
"21400084","ATL","DeMarre Carroll, Jeff Teague, Kyle Korver, Mike Scott, Pero Antic",2,10,19,10,19,374,412,0,0,0,38
"21400084","NYK","Carmelo Anthony, Cleanthony Early, Iman Shumpert, JR Smith, Samuel Dalembert",2,21,12,21,14,437,463,0,2,-2,26
"21400084","ATL","DeMarre Carroll, Dennis Schroder, Kyle Korver, Mike Scott, Pero Antic",3,10,19,12,21,412,437,2,2,0,25
"21400084","NYK","Carmelo Anthony, Cleanthony Early, Iman Shumpert, Jason Smith, JR Smith",3,21,14,21,16,463,531,0,2,-2,68
"21400084","ATL","DeMarre Carroll, Dennis Schroder, Mike Scott, Pero Antic, Thabo Sefolosha",4,12,21,20,28,437,654,8,7,1,217
"21400084","NYK","Amar'e Stoudemire, Carmelo Anthony, Iman Shumpert, Jason Smith, JR Smith",4,21,16,32,20,531,720,11,4,7,189
"21400084","ATL","Al Horford, DeMarre Carroll, Dennis Schroder, Mike Scott, Thabo Sefolosha",5,20,28,20,28,654,654,0,0,0,0
"21400084","NYK","Amar'e Stoudemire, Carmelo Anthony, Jason Smith, JR Smith, Shane Larkin",5,32,20,32,23,720,785,0,3,-3,65
"21400084","ATL","Al Horford, Dennis Schroder, Kyle Korver, Mike Scott, Thabo Sefolosha",6,20,28,23,34,654,816,3,6,-3,162
"21400084","NYK","Amar'e Stoudemire, Cleanthony Early, Jason Smith, JR Smith, Shane Larkin",6,32,23,36,26,785,890,4,3,1,105
"21400084","ATL","Al Horford, Dennis Schroder, Kyle Korver, Paul Millsap, Thabo Sefolosha",7,23,34,26,36,816,890,3,2,1,74
"21400084","NYK","Amar'e Stoudemire, Cleanthony Early, JR Smith, Quincy Acy, Shane Larkin",7,36,26,36,28,890,1000,0,2,-2,110
"21400084","ATL","Al Horford, Dennis Schroder, Jeff Teague, Kyle Korver, Paul Millsap",8,26,36,28,36,890,1000,2,0,2,110
"21400084","NYK","Cleanthony Early, JR Smith, Quincy Acy, Samuel Dalembert, Shane Larkin",8,36,28,36,31,1000,1008,0,3,-3,8
"21400084","ATL","Dennis Schroder, Jeff Teague, Kyle Korver, Paul Millsap, Pero Antic",9,28,36,35,38,1000,1078,7,2,5,78
"21400084","NYK","Iman Shumpert, JR Smith, Quincy Acy, Samuel Dalembert, Shane Larkin",9,36,31,36,31,1008,1008,0,0,0,0
"21400084","ATL","DeMarre Carroll, Dennis Schroder, Jeff Teague, Paul Millsap, Pero Antic",10,35,38,36,44,1078,1181,1,6,-5,103
"21400084","NYK","Iman Shumpert, JR Smith, Quincy Acy, Samuel Dalembert, Tim Hardaway Jr.",10,36,31,38,35,1008,1078,2,4,-2,70
"21400084","ATL","Al Horford, DeMarre Carroll, Dennis Schroder, Jeff Teague, Paul Millsap",11,36,44,38,48,1181,1216,2,4,-2,35
"21400084","NYK","Carmelo Anthony, Iman Shumpert, JR Smith, Samuel Dalembert, Tim Hardaway Jr.",11,38,35,51,42,1078,1263,13,7,6,185
"21400084","ATL","Al Horford, DeMarre Carroll, Jeff Teague, Kyle Korver, Paul Millsap",12,38,48,44,59,1216,1390,6,11,-5,174
"21400084","NYK","Carmelo Anthony, JR Smith, Samuel Dalembert, Shane Larkin, Tim Hardaway Jr.",12,51,42,59,44,1263,1390,8,2,6,127
"21400084","ATL","Al Horford, DeMarre Carroll, Jeff Teague, Kyle Korver, Mike Scott",13,44,59,48,61,1390,1440,4,2,2,50
"21400084","NYK","Amar'e Stoudemire, Carmelo Anthony, JR Smith, Shane Larkin, Tim Hardaway Jr.",13,59,44,59,46,1390,1412,0,2,-2,22
"21400084","ATL","Al Horford, DeMarre Carroll, Jeff Teague, Kyle Korver, Paul Millsap",14,48,61,61,66,1440,1739,13,5,8,299
"21400084","NYK","Amar'e Stoudemire, Carmelo Anthony, Cleanthony Early, JR Smith, Shane Larkin",14,59,46,61,48,1412,1440,2,2,0,28
"21400084","ATL","Al Horford, Jeff Teague, Kyle Korver, Paul Millsap, Thabo Sefolosha",15,61,66,61,71,1739,1804,0,5,-5,65
"21400084","NYK","Carmelo Anthony, Iman Shumpert, Samuel Dalembert, Shane Larkin, Tim Hardaway Jr.",15,61,48,63,52,1440,1583,2,4,-2,143
"21400084","ATL","Jeff Teague, Kyle Korver, Paul Millsap, Pero Antic, Thabo Sefolosha",16,61,71,68,74,1804,1950,7,3,4,146
"21400084","NYK","Carmelo Anthony, Iman Shumpert, Quincy Acy, Samuel Dalembert, Shane Larkin",16,63,52,71,66,1583,1880,8,14,-6,297
"21400084","ATL","Dennis Schroder, Kyle Korver, Paul Millsap, Pero Antic, Thabo Sefolosha",17,68,74,70,74,1950,1997,2,0,2,47
"21400084","NYK","Carmelo Anthony, Iman Shumpert, Jason Smith, Quincy Acy, Shane Larkin",17,71,66,74,68,1880,1950,3,2,1,70
"21400084","ATL","Dennis Schroder, Paul Millsap, Pero Antic, Shelvin Mack, Thabo Sefolosha",18,70,74,75,74,1997,2160,5,0,5,163
"21400084","NYK","Carmelo Anthony, Iman Shumpert, Jason Smith, JR Smith, Shane Larkin",18,74,68,74,68,1950,1950,0,0,0,0
"21400084","ATL","Al Horford, Dennis Schroder, Mike Scott, Shelvin Mack, Thabo Sefolosha",19,75,74,77,76,2160,2269,2,2,0,109
"21400084","NYK","Amar'e Stoudemire, Carmelo Anthony, Iman Shumpert, Jason Smith, JR Smith",19,74,68,74,71,1950,2009,0,3,-3,59
"21400084","ATL","Al Horford, Dennis Schroder, Kyle Korver, Mike Scott, Thabo Sefolosha",20,77,76,77,76,2269,2269,0,0,0,0
"21400084","NYK","Amar'e Stoudemire, Iman Shumpert, Jason Smith, JR Smith, Shane Larkin",20,74,71,74,73,2009,2070,0,2,-2,61
"21400084","ATL","Al Horford, Dennis Schroder, Jeff Teague, Kyle Korver, Mike Scott",21,77,76,79,80,2269,2368,2,4,-2,99
"21400084","NYK","Amar'e Stoudemire, Cleanthony Early, Jason Smith, JR Smith, Shane Larkin",21,74,73,74,75,2070,2109,0,2,-2,39
"21400084","ATL","Al Horford, Dennis Schroder, Jeff Teague, Kyle Korver, Paul Millsap",22,79,80,79,80,2368,2368,0,0,0,0
"21400084","NYK","Amar'e Stoudemire, Cleanthony Early, JR Smith, Quincy Acy, Shane Larkin",22,74,75,80,79,2109,2368,6,4,2,259
"21400084","ATL","Al Horford, DeMarre Carroll, Jeff Teague, Kyle Korver, Paul Millsap",23,79,80,87,88,2368,2539,8,8,0,171
"21400084","NYK","Amar'e Stoudemire, Cleanthony Early, JR Smith, Quincy Acy, Tim Hardaway Jr.",23,80,79,80,79,2368,2368,0,0,0,0
"21400084","ATL","DeMarre Carroll, Jeff Teague, Kyle Korver, Paul Millsap, Pero Antic",24,87,88,94,88,2539,2733,7,0,7,194
"21400084","NYK","Amar'e Stoudemire, Iman Shumpert, JR Smith, Quincy Acy, Tim Hardaway Jr.",24,80,79,80,79,2368,2368,0,0,0,0
"21400084","ATL","Al Horford, DeMarre Carroll, Jeff Teague, Kyle Korver, Paul Millsap",25,94,88,97,91,2733,2843,3,3,0,110
"21400084","NYK","Amar'e Stoudemire, Carmelo Anthony, Iman Shumpert, JR Smith, Tim Hardaway Jr.",25,80,79,88,87,2368,2539,8,8,0,171
"21400084","ATL","DeMarre Carroll, Jeff Teague, Kyle Korver, Paul Millsap, Pero Antic",26,97,91,101,94,2843,2860,4,3,1,17
"21400084","NYK","Carmelo Anthony, Iman Shumpert, JR Smith, Samuel Dalembert, Tim Hardaway Jr.",26,88,87,88,94,2539,2733,0,7,-7,194
"21400084","ATL","Al Horford, DeMarre Carroll, Jeff Teague, Kyle Korver, Paul Millsap",27,101,94,103,96,2860,2880,2,2,0,20
"21400084","NYK","Amar'e Stoudemire, Carmelo Anthony, Iman Shumpert, JR Smith, Tim Hardaway Jr.",27,88,94,91,97,2733,2837,3,3,0,104
"21400084","NYK","Amar'e Stoudemire, Carmelo Anthony, JR Smith, Shane Larkin, Tim Hardaway Jr.",28,91,97,94,101,2837,2860,3,4,-1,23
"21400084","NYK","Amar'e Stoudemire, Carmelo Anthony, JR Smith, Quincy Acy, Shane Larkin",29,94,101,94,101,2860,2860,0,0,0,0
"21400084","NYK","Amar'e Stoudemire, Carmelo Anthony, JR Smith, Shane Larkin, Tim Hardaway Jr.",30,94,101,96,103,2860,2880,2,2,0,20
"21400085","MIA","Chris Bosh, Dwyane Wade, Luol Deng, Norris Cole, Shawne Williams",0,0,0,14,4,0,323,14,4,10,323
"21400085","MIN","Andrew Wiggins, Kevin Martin, Nikola Pekovic, Thaddeus Young, Zach LaVine",0,0,0,9,25,0,482,9,25,-16,482
"21400085","MIA","Dwyane Wade, Luol Deng, Norris Cole, Shawne Williams, Udonis Haslem",1,14,4,20,9,323,444,6,5,1,121
"21400085","MIN","Corey Brewer, Kevin Martin, Nikola Pekovic, Thaddeus Young, Zach LaVine",1,9,25,9,25,482,482,0,0,0,0
"21400085","MIA","Luol Deng, Mario Chalmers, Norris Cole, Shawne Williams, Udonis Haslem",2,20,9,25,11,444,542,5,2,3,98
"21400085","MIN","Corey Brewer, Kevin Martin, Mo Williams, Nikola Pekovic, Thaddeus Young",2,9,25,11,25,482,542,2,0,2,60
"21400085","MIA","Chris Bosh, Luol Deng, Mario Chalmers, Norris Cole, Udonis Haslem",3,25,11,25,11,542,542,0,0,0,0
"21400085","MIN","Corey Brewer, Gorgui Dieng, Kevin Martin, Mo Williams, Thaddeus Young",3,11,25,13,25,542,602,2,0,2,60
"21400085","MIA","Chris Bosh, Josh McRoberts, Luol Deng, Mario Chalmers, Norris Cole",4,25,11,25,13,542,602,0,2,-2,60
"21400085","MIN","Chase Budinger, Corey Brewer, Gorgui Dieng, Mo Williams, Thaddeus Young",4,13,25,13,29,602,720,0,4,-4,118
"21400085","MIA","Chris Bosh, James Ennis III, Josh McRoberts, Mario Chalmers, Norris Cole",5,25,13,25,13,602,602,0,0,0,0
"21400085","MIN","Chase Budinger, Corey Brewer, Gorgui Dieng, Mo Williams, Robbie Hummel",5,13,29,23,38,720,1022,10,9,1,302
"21400085","MIA","Chris Bosh, James Ennis III, Josh McRoberts, Mario Chalmers, Shabazz Napier",6,25,13,38,23,602,1022,13,10,3,420
"21400085","MIN","Chase Budinger, Gorgui Dieng, Mo Williams, Robbie Hummel, Zach LaVine",6,23,38,23,38,1022,1022,0,0,0,0
"21400085","MIA","Dwyane Wade, James Ennis III, Josh McRoberts, Mario Chalmers, Shabazz Napier",7,38,23,38,23,1022,1022,0,0,0,0
"21400085","MIN","Andrew Wiggins, Chase Budinger, Gorgui Dieng, Robbie Hummel, Zach LaVine",7,23,38,23,38,1022,1022,0,0,0,0
"21400085","MIA","Dwyane Wade, James Ennis III, Mario Chalmers, Shabazz Napier, Udonis Haslem",8,38,23,38,23,1022,1022,0,0,0,0
"21400085","MIN","Andrew Wiggins, Gorgui Dieng, Kevin Martin, Robbie Hummel, Zach LaVine",8,23,38,25,43,1022,1151,2,5,-3,129
"21400085","MIA","Dwyane Wade, Mario Chalmers, Shabazz Napier, Shawne Williams, Udonis Haslem",9,38,23,39,23,1022,1050,1,0,1,28
"21400085","MIN","Andrew Wiggins, Kevin Martin, Robbie Hummel, Thaddeus Young, Zach LaVine",9,25,43,25,43,1151,1151,0,0,0,0
"21400085","MIA","Dwyane Wade, Luol Deng, Shabazz Napier, Shawne Williams, Udonis Haslem",10,39,23,39,25,1050,1082,0,2,-2,32
"21400085","MIN","Andrew Wiggins, Kevin Martin, Nikola Pekovic, Thaddeus Young, Zach LaVine",10,25,43,52,66,1151,1680,27,23,4,529
"21400085","MIA","Dwyane Wade, Luol Deng, Norris Cole, Shawne Williams, Udonis Haslem",11,39,25,39,25,1082,1082,0,0,0,0
"21400085","MIN","Andrew Wiggins, Corey Brewer, Nikola Pekovic, Thaddeus Young, Zach LaVine",11,52,66,54,66,1680,1778,2,0,2,98
"21400085","MIA","Chris Bosh, Dwyane Wade, Luol Deng, Norris Cole, Shawne Williams",12,39,25,66,54,1082,1722,27,29,-2,640
"21400085","MIN","Andrew Wiggins, Corey Brewer, Gorgui Dieng, Thaddeus Young, Zach LaVine",12,54,66,58,72,1778,1916,4,6,-2,138
"21400085","MIA","Dwyane Wade, Luol Deng, Norris Cole, Shawne Williams, Udonis Haslem",13,66,54,72,58,1722,1916,6,4,2,194
"21400085","MIN","Corey Brewer, Gorgui Dieng, Shabazz Muhammad, Thaddeus Young, Zach LaVine",13,58,72,64,76,1916,2081,6,4,2,165
"21400085","MIA","Luol Deng, Mario Chalmers, Norris Cole, Shawne Williams, Udonis Haslem",14,72,58,74,60,1916,1966,2,2,0,50
"21400085","MIN","Corey Brewer, Gorgui Dieng, Mo Williams, Shabazz Muhammad, Thaddeus Young",14,64,76,66,80,2081,2156,2,4,-2,75
"21400085","MIA","James Ennis III, Mario Chalmers, Norris Cole, Shawne Williams, Udonis Haslem",15,74,60,76,64,1966,2081,2,4,-2,115
"21400085","MIN","Corey Brewer, Mo Williams, Shabazz Muhammad, Thaddeus Young, Zach LaVine",15,66,80,69,80,2156,2160,3,0,3,4
"21400085","MIA","Chris Bosh, James Ennis III, Mario Chalmers, Norris Cole, Udonis Haslem",16,76,64,76,64,2081,2081,0,0,0,0
"21400085","MIN","Corey Brewer, Gorgui Dieng, Mo Williams, Shabazz Muhammad, Thaddeus Young",16,69,80,72,82,2160,2250,3,2,1,90
"21400085","MIA","Chris Bosh, James Ennis III, Mario Chalmers, Shabazz Napier, Udonis Haslem",17,76,64,80,69,2081,2160,4,5,-1,79
"21400085","MIN","Corey Brewer, Gorgui Dieng, Mo Williams, Robbie Hummel, Shabazz Muhammad",17,72,82,72,84,2250,2269,0,2,-2,19
"21400085","MIA","Chris Bosh, James Ennis III, Josh McRoberts, Mario Chalmers, Shabazz Napier",18,80,69,90,76,2160,2444,10,7,3,284
"21400085","MIN","Corey Brewer, Mo Williams, Nikola Pekovic, Robbie Hummel, Shabazz Muhammad",18,72,84,76,90,2269,2426,4,6,-2,157
"21400085","MIA","Chris Bosh, Dwyane Wade, James Ennis III, Josh McRoberts, Shabazz Napier",19,90,76,90,80,2444,2499,0,4,-4,55
"21400085","MIN","Kevin Martin, Mo Williams, Nikola Pekovic, Robbie Hummel, Shabazz Muhammad",19,76,90,83,90,2426,2591,7,0,7,165
"21400085","MIA","Dwyane Wade, James Ennis III, Josh McRoberts, Shabazz Napier, Shawne Williams",20,90,80,90,80,2499,2499,0,0,0,0
"21400085","MIN","Kevin Martin, Mo Williams, Nikola Pekovic, Shabazz Muhammad, Thaddeus Young",20,83,90,83,90,2591,2591,0,0,0,0
"21400085","MIA","Dwyane Wade, James Ennis III, Shabazz Napier, Shawne Williams, Udonis Haslem",21,90,80,90,80,2499,2499,0,0,0,0
"21400085","MIN","Andrew Wiggins, Kevin Martin, Mo Williams, Nikola Pekovic, Thaddeus Young",21,83,90,92,102,2591,2880,9,12,-3,289
"21400085","MIA","Dwyane Wade, Luol Deng, Shabazz Napier, Shawne Williams, Udonis Haslem",22,90,80,90,83,2499,2591,0,3,-3,92
"21400085","MIA","Dwyane Wade, Luol Deng, Norris Cole, Shawne Williams, Udonis Haslem",23,90,83,90,86,2591,2612,0,3,-3,21
"21400085","MIA","Chris Bosh, Dwyane Wade, Luol Deng, Norris Cole, Shawne Williams",24,90,86,102,92,2612,2880,12,6,6,268
"21400086","BOS","Avery Bradley, Evan Turner, Jared Sullinger, Jeff Green, Kelly Olynyk",0,0,0,12,2,0,328,12,2,10,328
"21400086","CHI","Jimmy Butler, Joakim Noah, Kirk Hinrich, Mike Dunleavy, Pau Gasol",0,0,0,11,14,0,458,11,14,-3,458
"21400086","BOS","Avery Bradley, Brandon Bass, Evan Turner, Jeff Green, Kelly Olynyk",1,12,2,14,11,328,458,2,9,-7,130
"21400086","CHI","Aaron Brooks, Jimmy Butler, Kirk Hinrich, Mike Dunleavy, Pau Gasol",1,11,14,11,14,458,458,0,0,0,0
"21400086","BOS","Avery Bradley, Brandon Bass, Evan Turner, Kelly Olynyk, Marcus Thornton",2,14,11,14,11,458,458,0,0,0,0
"21400086","CHI","Aaron Brooks, Jimmy Butler, Mike Dunleavy, Pau Gasol, Taj Gibson",2,11,14,25,20,458,720,14,6,8,262
"21400086","BOS","Brandon Bass, Evan Turner, Gerald Wallace, Kelly Olynyk, Marcus Thornton",3,14,11,18,18,458,556,4,7,-3,98
"21400086","CHI","Aaron Brooks, Doug McDermott, Nikola Mirotic, Taj Gibson, Tony Snell",3,25,20,33,32,720,1020,8,12,-4,300
"21400086","BOS","Brandon Bass, Gerald Wallace, Kelly Olynyk, Marcus Thornton, Phil Pressey",4,18,18,20,25,556,720,2,7,-5,164
"21400086","CHI","Aaron Brooks, Doug McDermott, Joakim Noah, Taj Gibson, Tony Snell",4,33,32,35,39,1020,1129,2,7,-5,109
"21400086","BOS","Jared Sullinger, Jeff Green, Marcus Thornton, Phil Pressey, Tyler Zeller",5,20,25,24,27,720,822,4,2,2,102
"21400086","CHI","Doug McDermott, Joakim Noah, Pau Gasol, Taj Gibson, Tony Snell",5,35,39,35,39,1129,1129,0,0,0,0
"21400086","BOS","Avery Bradley, Jared Sullinger, Jeff Green, Phil Pressey, Tyler Zeller",6,24,27,32,33,822,1020,8,6,2,198
"21400086","CHI","Doug McDermott, Joakim Noah, Kirk Hinrich, Pau Gasol, Tony Snell",6,35,39,35,39,1129,1129,0,0,0,0
"21400086","BOS","Avery Bradley, Evan Turner, Jared Sullinger, Jeff Green, Tyler Zeller",7,32,33,39,35,1020,1129,7,2,5,109
"21400086","CHI","Joakim Noah, Kirk Hinrich, Mike Dunleavy, Pau Gasol, Tony Snell",7,35,39,35,39,1129,1129,0,0,0,0
"21400086","BOS","Avery Bradley, Evan Turner, Jeff Green, Kelly Olynyk, Tyler Zeller",8,39,35,43,37,1129,1224,4,2,2,95
"21400086","CHI","Jimmy Butler, Joakim Noah, Kirk Hinrich, Mike Dunleavy, Pau Gasol",8,35,39,53,69,1129,1851,18,30,-12,722
"21400086","BOS","Avery Bradley, Evan Turner, Gerald Wallace, Kelly Olynyk, Tyler Zeller",9,43,37,45,37,1224,1254,2,0,2,30
"21400086","CHI","Aaron Brooks, Jimmy Butler, Kirk Hinrich, Mike Dunleavy, Pau Gasol",9,53,69,53,69,1851,1851,0,0,0,0
"21400086","BOS","Avery Bradley, Evan Turner, Gerald Wallace, Jared Sullinger, Kelly Olynyk",10,45,37,56,41,1254,1440,11,4,7,186
"21400086","CHI","Aaron Brooks, Jimmy Butler, Mike Dunleavy, Pau Gasol, Taj Gibson",10,53,69,62,79,1851,2032,9,10,-1,181
"21400086","BOS","Avery Bradley, Evan Turner, Jared Sullinger, Jeff Green, Kelly Olynyk",11,56,41,69,53,1440,1845,13,12,1,405
"21400086","CHI","Aaron Brooks, Doug McDermott, Jimmy Butler, Pau Gasol, Taj Gibson",11,62,79,67,83,2032,2160,5,4,1,128
"21400086","BOS","Avery Bradley, Evan Turner, Jeff Green, Kelly Olynyk, Tyler Zeller",12,69,53,69,53,1845,1845,0,0,0,0
"21400086","CHI","Aaron Brooks, Doug McDermott, Jimmy Butler, Joakim Noah, Taj Gibson",12,67,83,76,91,2160,2351,9,8,1,191
"21400086","BOS","Evan Turner, Jeff Green, Kelly Olynyk, Marcus Thornton, Tyler Zeller",13,69,53,79,62,1845,2032,10,9,1,187
"21400086","CHI","Aaron Brooks, Doug McDermott, Joakim Noah, Kirk Hinrich, Taj Gibson",13,76,91,80,95,2351,2529,4,4,0,178
"21400086","BOS","Evan Turner, Jeff Green, Marcus Thornton, Phil Pressey, Tyler Zeller",14,79,62,79,62,2032,2032,0,0,0,0
"21400086","CHI","Aaron Brooks, Jimmy Butler, Joakim Noah, Kirk Hinrich, Taj Gibson",14,80,95,91,97,2529,2757,11,2,9,228
"21400086","BOS","Brandon Bass, Jeff Green, Marcus Thornton, Phil Pressey, Tyler Zeller",15,79,62,83,67,2032,2160,4,5,-1,128
"21400086","CHI","Aaron Brooks, Jimmy Butler, Kirk Hinrich, Pau Gasol, Taj Gibson",15,91,97,96,100,2757,2835,5,3,2,78
"21400086","BOS","Brandon Bass, Gerald Wallace, Jared Sullinger, Marcus Thornton, Phil Pressey",16,83,67,91,76,2160,2351,8,9,-1,191
"21400086","CHI","Aaron Brooks, Jimmy Butler, Mike Dunleavy, Pau Gasol, Taj Gibson",16,96,100,98,100,2835,2850,2,0,2,15
"21400086","BOS","Brandon Bass, Gerald Wallace, Marcus Thornton, Phil Pressey, Tyler Zeller",17,91,76,91,78,2351,2385,0,2,-2,34
"21400086","CHI","Aaron Brooks, Jimmy Butler, Kirk Hinrich, Pau Gasol, Taj Gibson",17,98,100,98,102,2850,2863,0,2,-2,13
"21400086","BOS","Avery Bradley, Brandon Bass, Gerald Wallace, Phil Pressey, Tyler Zeller",18,91,78,93,78,2385,2450,2,0,2,65
"21400086","CHI","Aaron Brooks, Jimmy Butler, Mike Dunleavy, Pau Gasol, Taj Gibson",18,98,102,98,104,2863,2872,0,2,-2,9
"21400086","BOS","Avery Bradley, Brandon Bass, Evan Turner, Phil Pressey, Tyler Zeller",19,93,78,93,78,2450,2482,0,0,0,32
"21400086","CHI","Jimmy Butler, Kirk Hinrich, Mike Dunleavy, Pau Gasol, Taj Gibson",19,98,104,101,106,2872,2880,3,2,1,8
"21400086","BOS","Avery Bradley, Evan Turner, Jeff Green, Phil Pressey, Tyler Zeller",20,93,78,93,78,2482,2482,0,0,0,0
"21400086","BOS","Avery Bradley, Evan Turner, Jeff Green, Kelly Olynyk, Tyler Zeller",21,93,78,97,84,2482,2651,4,6,-2,169
"21400086","BOS","Avery Bradley, Jeff Green, Kelly Olynyk, Phil Pressey, Tyler Zeller",22,97,84,97,86,2651,2680,0,2,-2,29
"21400086","BOS","Avery Bradley, Evan Turner, Jeff Green, Kelly Olynyk, Tyler Zeller",23,97,86,97,86,2680,2680,0,0,0,0
"21400086","BOS","Avery Bradley, Evan Turner, Jared Sullinger, Jeff Green, Kelly Olynyk",24,97,86,97,91,2680,2757,0,5,-5,77
"21400086","BOS","Avery Bradley, Evan Turner, Jeff Green, Kelly Olynyk, Tyler Zeller",25,97,91,100,96,2757,2835,3,5,-2,78
"21400086","BOS","Avery Bradley, Evan Turner, Kelly Olynyk, Phil Pressey, Tyler Zeller",26,100,96,100,96,2835,2835,0,0,0,0
"21400086","BOS","Avery Bradley, Brandon Bass, Evan Turner, Kelly Olynyk, Phil Pressey",27,100,96,100,96,2835,2835,0,0,0,0
"21400086","BOS","Avery Bradley, Brandon Bass, Evan Turner, Jeff Green, Phil Pressey",28,100,96,100,96,2835,2835,0,0,0,0
"21400086","BOS","Avery Bradley, Brandon Bass, Jeff Green, Phil Pressey, Tyler Zeller",29,100,96,100,98,2835,2850,0,2,-2,15
"21400086","BOS","Avery Bradley, Jeff Green, Kelly Olynyk, Phil Pressey, Tyler Zeller",30,100,98,100,98,2850,2850,0,0,0,0
"21400086","BOS","Avery Bradley, Evan Turner, Jeff Green, Kelly Olynyk, Tyler Zeller",31,100,98,100,98,2850,2850,0,0,0,0
"21400086","BOS","Avery Bradley, Evan Turner, Jared Sullinger, Jeff Green, Kelly Olynyk",32,100,98,102,98,2850,2863,2,0,2,13
"21400086","BOS","Avery Bradley, Brandon Bass, Evan Turner, Jeff Green, Kelly Olynyk",33,102,98,102,98,2863,2863,0,0,0,0
"21400086","BOS","Avery Bradley, Brandon Bass, Jeff Green, Kelly Olynyk, Phil Pressey",34,102,98,104,101,2863,2880,2,3,-1,17
"21400086","BOS","Avery Bradley, Brandon Bass, Evan Turner, Jeff Green, Kelly Olynyk",35,104,101,104,101,2880,2880,0,0,0,0
"21400086","BOS","Avery Bradley, Brandon Bass, Evan Turner, Jared Sullinger, Jeff Green",36,104,101,104,101,2880,2880,0,0,0,0
"21400086","BOS","Avery Bradley, Evan Turner, Jared Sullinger, Jeff Green, Kelly Olynyk",37,104,101,106,101,2880,2880,2,0,2,0
"21400087","GSW","Andrew Bogut, Draymond Green, Harrison Barnes, Klay Thompson, Stephen Curry",0,0,0,6,8,0,280,6,8,-2,280
"21400087","HOU","Isaiah Canaan, James Harden, Kostas Papanikolaou, Tarik Black, Trevor Ariza",0,0,0,15,15,0,417,15,15,0,417
"21400087","GSW","Andrew Bogut, Draymond Green, Harrison Barnes, Leandro Barbosa, Stephen Curry",1,6,8,15,15,280,417,9,7,2,137
"21400087","HOU","Donatas Motiejunas, Isaiah Canaan, James Harden, Kostas Papanikolaou, Trevor Ariza",1,15,15,15,15,417,505,0,0,0,88
"21400087","GSW","Andre Iguodala, Andrew Bogut, Draymond Green, Leandro Barbosa, Stephen Curry",2,15,15,15,15,417,505,0,0,0,88
"21400087","HOU","Donatas Motiejunas, James Harden, Jason Terry, Kostas Papanikolaou, Trevor Ariza",2,15,15,15,17,505,524,0,2,-2,19
"21400087","GSW","Andre Iguodala, Draymond Green, Leandro Barbosa, Marreese Speights, Stephen Curry",3,15,15,22,23,505,648,7,8,-1,143
"21400087","HOU","Donatas Motiejunas, James Harden, Jason Terry, Trevor Ariza, Troy Daniels",3,15,17,20,22,524,595,5,5,0,71
"21400087","GSW","Andre Iguodala, Harrison Barnes, Leandro Barbosa, Marreese Speights, Stephen Curry",4,22,23,25,23,648,653,3,0,3,5
"21400087","HOU","Donatas Motiejunas, Francisco Garcia, James Harden, Jason Terry, Troy Daniels",4,20,22,23,25,595,670,3,3,0,75
"21400087","GSW","Andre Iguodala, Harrison Barnes, Leandro Barbosa, Marreese Speights, Shaun Livingston",5,25,23,29,25,653,720,4,2,2,67
"21400087","HOU","Donatas Motiejunas, Francisco Garcia, Isaiah Canaan, Jason Terry, Troy Daniels",5,23,25,33,32,670,826,10,7,3,156
"21400087","GSW","Andre Iguodala, Harrison Barnes, Klay Thompson, Marreese Speights, Shaun Livingston",6,29,25,35,33,720,907,6,8,-2,187
"21400087","HOU","Donatas Motiejunas, Isaiah Canaan, Jason Terry, Trevor Ariza, Troy Daniels",6,33,32,33,32,826,826,0,0,0,0
"21400087","GSW","Andre Iguodala, Andrew Bogut, Klay Thompson, Marreese Speights, Shaun Livingston",7,35,33,35,33,907,907,0,0,0,0
"21400087","HOU","Donatas Motiejunas, Isaiah Canaan, Jason Terry, Kostas Papanikolaou, Trevor Ariza",7,33,32,33,35,826,890,0,3,-3,64
"21400087","GSW","Andrew Bogut, Draymond Green, Klay Thompson, Marreese Speights, Shaun Livingston",8,35,33,35,33,907,907,0,0,0,0
"21400087","HOU","Isaiah Canaan, Jason Terry, Kostas Papanikolaou, Tarik Black, Trevor Ariza",8,33,35,33,35,890,944,0,0,0,54
"21400087","GSW","Andrew Bogut, Draymond Green, Klay Thompson, Shaun Livingston, Stephen Curry",9,35,33,38,37,907,1060,3,4,-1,153
"21400087","HOU","Isaiah Canaan, James Harden, Kostas Papanikolaou, Tarik Black, Trevor Ariza",9,33,35,37,42,944,1114,4,7,-3,170
"21400087","GSW","Andre Iguodala, Andrew Bogut, Draymond Green, Shaun Livingston, Stephen Curry",10,38,37,42,37,1060,1114,4,0,4,54
"21400087","HOU","Donatas Motiejunas, Isaiah Canaan, James Harden, Kostas Papanikolaou, Trevor Ariza",10,37,42,43,47,1114,1222,6,5,1,108
"21400087","GSW","Andre Iguodala, Andrew Bogut, Draymond Green, Leandro Barbosa, Stephen Curry",11,42,37,51,45,1114,1388,9,8,1,274
"21400087","HOU","Donatas Motiejunas, James Harden, Jason Terry, Kostas Papanikolaou, Trevor Ariza",11,43,47,45,51,1222,1388,2,4,-2,166
"21400087","GSW","Andre Iguodala, Andrew Bogut, Harrison Barnes, Leandro Barbosa, Stephen Curry",12,51,45,56,48,1388,1440,5,3,2,52
"21400087","HOU","Donatas Motiejunas, Francisco Garcia, James Harden, Jason Terry, Trevor Ariza",12,45,51,48,56,1388,1440,3,5,-2,52
"21400087","GSW","Andrew Bogut, Draymond Green, Harrison Barnes, Klay Thompson, Stephen Curry",13,56,48,60,56,1440,1640,4,8,-4,200
"21400087","HOU","Isaiah Canaan, James Harden, Kostas Papanikolaou, Tarik Black, Trevor Ariza",13,48,56,58,60,1440,1700,10,4,6,260
"21400087","GSW","Andre Iguodala, Andrew Bogut, Harrison Barnes, Klay Thompson, Stephen Curry",14,60,56,65,72,1640,2019,5,16,-11,379
"21400087","HOU","Donatas Motiejunas, Isaiah Canaan, James Harden, Kostas Papanikolaou, Trevor Ariza",14,58,60,66,60,1700,1778,8,0,8,78
"21400087","GSW","Andre Iguodala, Andrew Bogut, Harrison Barnes, Klay Thompson, Shaun Livingston",15,65,72,65,72,2019,2019,0,0,0,0
"21400087","HOU","Donatas Motiejunas, James Harden, Jason Terry, Kostas Papanikolaou, Trevor Ariza",15,66,60,70,63,1778,1945,4,3,1,167
"21400087","GSW","Andre Iguodala, Andrew Bogut, Klay Thompson, Leandro Barbosa, Shaun Livingston",16,65,72,67,74,2019,2111,2,2,0,92
"21400087","HOU","Donatas Motiejunas, Francisco Garcia, James Harden, Jason Terry, Kostas Papanikolaou",16,70,63,70,63,1945,1945,0,0,0,0
"21400087","GSW","Andre Iguodala, Festus Ezeli, Klay Thompson, Leandro Barbosa, Shaun Livingston",17,67,74,69,74,2111,2133,2,0,2,22
"21400087","HOU","Donatas Motiejunas, Francisco Garcia, Isaiah Canaan, James Harden, Jason Terry",17,70,63,74,67,1945,2111,4,4,0,166
"21400087","GSW","Andre Iguodala, Klay Thompson, Leandro Barbosa, Marreese Speights, Shaun Livingston",18,69,74,69,76,2133,2160,0,2,-2,27
"21400087","HOU","Francisco Garcia, Isaiah Canaan, James Harden, Jason Terry, Kostas Papanikolaou",18,74,67,76,69,2111,2160,2,2,0,49
"21400087","GSW","Andre Iguodala, Draymond Green, Festus Ezeli, Leandro Barbosa, Shaun Livingston",19,69,76,73,78,2160,2247,4,2,2,87
"21400087","HOU","Donatas Motiejunas, Francisco Garcia, Isaiah Canaan, James Harden, Jason Terry",19,76,69,78,73,2160,2247,2,4,-2,87
"21400087","GSW","Draymond Green, Festus Ezeli, Leandro Barbosa, Shaun Livingston, Stephen Curry",20,73,78,75,78,2247,2308,2,0,2,61
"21400087","HOU","Donatas Motiejunas, Isaiah Canaan, James Harden, Jason Terry, Trevor Ariza",20,78,73,82,82,2247,2482,4,9,-5,235
"21400087","GSW","Andrew Bogut, Draymond Green, Leandro Barbosa, Shaun Livingston, Stephen Curry",21,75,78,77,80,2308,2351,2,2,0,43
"21400087","HOU","Isaiah Canaan, James Harden, Jason Terry, Kostas Papanikolaou, Trevor Ariza",21,82,82,88,82,2482,2610,6,0,6,128
"21400087","GSW","Andrew Bogut, Draymond Green, Klay Thompson, Shaun Livingston, Stephen Curry",22,77,80,82,82,2351,2482,5,2,3,131
"21400087","HOU","Donatas Motiejunas, Isaiah Canaan, James Harden, Jason Terry, Trevor Ariza",22,88,82,98,87,2610,2880,10,5,5,270
"21400087","GSW","Andre Iguodala, Andrew Bogut, Draymond Green, Klay Thompson, Stephen Curry",23,82,82,84,93,2482,2791,2,11,-9,309
"21400087","GSW","Andre Iguodala, Draymond Green, Harrison Barnes, Klay Thompson, Stephen Curry",24,84,93,87,98,2791,2880,3,5,-2,89
"21400088","MEM","Courtney Lee, Marc Gasol, Mike Conley, Tony Allen, Zach Randolph",0,0,0,12,6,0,269,12,6,6,269
"21400088","MIL","Brandon Knight, Ersan Ilyasova, Jabari Parker, Jared Dudley, Larry Sanders",0,0,0,11,14,0,305,11,14,-3,305
"21400088","MEM","Courtney Lee, Marc Gasol, Mike Conley, Tayshaun Prince, Zach Randolph",1,12,6,15,11,269,373,3,5,-2,104
"21400088","MIL","Brandon Knight, Ersan Ilyasova, Jabari Parker, Jared Dudley, Zaza Pachulia",1,11,14,11,14,305,305,0,0,0,0
"21400088","MEM","Courtney Lee, Jon Leuer, Marc Gasol, Mike Conley, Tayshaun Prince",2,15,11,19,21,373,596,4,10,-6,223
"21400088","MIL","Brandon Knight, Ersan Ilyasova, Giannis Antetokounmpo, Jared Dudley, Zaza Pachulia",2,11,14,17,17,305,490,6,3,3,185
"21400088","MEM","Beno Udrih, Courtney Lee, Jon Leuer, Marc Gasol, Tayshaun Prince",3,19,21,19,21,596,596,0,0,0,0
"21400088","MIL","Brandon Knight, Ersan Ilyasova, Giannis Antetokounmpo, O.J. Mayo, Zaza Pachulia",3,17,17,19,17,490,516,2,0,2,26
"21400088","MEM","Beno Udrih, Jon Leuer, Marc Gasol, Quincy Pondexter, Tayshaun Prince",4,19,21,21,23,596,720,2,2,0,124
"21400088","MIL","Ersan Ilyasova, Giannis Antetokounmpo, Jerryd Bayless, O.J. Mayo, Zaza Pachulia",4,19,17,23,21,516,720,4,4,0,204
"21400088","MEM","Beno Udrih, Jon Leuer, Kosta Koufos, Quincy Pondexter, Tayshaun Prince",5,21,23,29,27,720,864,8,4,4,144
"21400088","MIL","Giannis Antetokounmpo, Jabari Parker, Jerryd Bayless, John Henson, O.J. Mayo",5,23,21,41,39,720,1239,18,18,0,519
"21400088","MEM","Beno Udrih, Jon Leuer, Kosta Koufos, Quincy Pondexter, Tony Allen",6,29,27,31,31,864,929,2,4,-2,65
"21400088","MIL","Giannis Antetokounmpo, Jabari Parker, John Henson, Larry Sanders, O.J. Mayo",6,41,39,41,39,1239,1239,0,0,0,0
"21400088","MEM","Beno Udrih, Kosta Koufos, Quincy Pondexter, Tony Allen, Zach Randolph",7,31,31,35,32,929,1036,4,1,3,107
"21400088","MIL","Brandon Knight, Giannis Antetokounmpo, Jabari Parker, Larry Sanders, O.J. Mayo",7,41,39,44,39,1239,1286,3,0,3,47
"21400088","MEM","Beno Udrih, Courtney Lee, Kosta Koufos, Tony Allen, Zach Randolph",8,35,32,39,41,1036,1239,4,9,-5,203
"21400088","MIL","Brandon Knight, Ersan Ilyasova, Jabari Parker, Larry Sanders, O.J. Mayo",8,44,39,44,39,1286,1286,0,0,0,0
"21400088","MEM","Courtney Lee, Kosta Koufos, Marc Gasol, Tony Allen, Zach Randolph",9,39,41,39,41,1239,1239,0,0,0,0
"21400088","MIL","Brandon Knight, Ersan Ilyasova, Jabari Parker, Jared Dudley, Larry Sanders",9,44,39,44,39,1286,1286,0,0,0,0
"21400088","MEM","Courtney Lee, Marc Gasol, Mike Conley, Tony Allen, Zach Randolph",10,39,41,58,65,1239,1839,19,24,-5,600
"21400088","MIL","Brandon Knight, Ersan Ilyasova, Jabari Parker, Jared Dudley, Zaza Pachulia",10,44,39,51,44,1286,1440,7,5,2,154
"21400088","MEM","Marc Gasol, Mike Conley, Tayshaun Prince, Tony Allen, Zach Randolph",11,58,65,62,67,1839,1939,4,2,2,100
"21400088","MIL","Brandon Knight, Ersan Ilyasova, Jabari Parker, Khris Middleton, Larry Sanders",11,51,44,62,54,1440,1774,11,10,1,334
"21400088","MEM","Beno Udrih, Marc Gasol, Tayshaun Prince, Tony Allen, Zach Randolph",12,62,67,64,67,1939,1987,2,0,2,48
"21400088","MIL","Brandon Knight, Ersan Ilyasova, Jabari Parker, Khris Middleton, Zaza Pachulia",12,62,54,67,62,1774,1939,5,8,-3,165
"21400088","MEM","Beno Udrih, Marc Gasol, Quincy Pondexter, Tayshaun Prince, Zach Randolph",13,64,67,64,69,1987,2051,0,2,-2,64
"21400088","MIL","Ersan Ilyasova, Jabari Parker, Jerryd Bayless, Khris Middleton, Zaza Pachulia",13,67,62,67,64,1939,1987,0,2,-2,48
"21400088","MEM","Beno Udrih, Jon Leuer, Marc Gasol, Quincy Pondexter, Tayshaun Prince",14,64,69,64,72,2051,2133,0,3,-3,82
"21400088","MIL","Ersan Ilyasova, Jabari Parker, Jerryd Bayless, O.J. Mayo, Zaza Pachulia",14,67,64,69,64,1987,2051,2,0,2,64
"21400088","MEM","Beno Udrih, Jon Leuer, Kosta Koufos, Quincy Pondexter, Tayshaun Prince",15,64,72,64,72,2133,2133,0,0,0,0
"21400088","MIL","Ersan Ilyasova, Giannis Antetokounmpo, Jerryd Bayless, O.J. Mayo, Zaza Pachulia",15,69,64,69,64,2051,2070,0,0,0,19
"21400088","MEM","Jon Leuer, Kosta Koufos, Quincy Pondexter, Tayshaun Prince, Tony Allen",16,64,72,66,72,2133,2160,2,0,2,27
"21400088","MIL","Giannis Antetokounmpo, Jared Dudley, Jerryd Bayless, O.J. Mayo, Zaza Pachulia",16,69,64,70,64,2070,2086,1,0,1,16
"21400088","MEM","Beno Udrih, Jon Leuer, Kosta Koufos, Quincy Pondexter, Tayshaun Prince",17,66,72,71,72,2160,2213,5,0,5,53
"21400088","MIL","Giannis Antetokounmpo, Jared Dudley, Jerryd Bayless, John Henson, O.J. Mayo",17,70,64,80,81,2086,2462,10,17,-7,376
"21400088","MEM","Beno Udrih, Courtney Lee, Jon Leuer, Kosta Koufos, Tayshaun Prince",18,71,72,71,72,2213,2213,0,0,0,0
"21400088","MIL","Giannis Antetokounmpo, Jared Dudley, Jerryd Bayless, Larry Sanders, O.J. Mayo",18,80,81,87,88,2462,2699,7,7,0,237
"21400088","MEM","Beno Udrih, Courtney Lee, Jon Leuer, Tayshaun Prince, Zach Randolph",19,71,72,81,80,2213,2462,10,8,2,249
"21400088","MIL","Brandon Knight, Giannis Antetokounmpo, Jerryd Bayless, Larry Sanders, O.J. Mayo",19,87,88,87,88,2699,2699,0,0,0,0
"21400088","MEM","Beno Udrih, Courtney Lee, Marc Gasol, Tayshaun Prince, Zach Randolph",20,81,80,81,80,2462,2462,0,0,0,0
"21400088","MIL","Brandon Knight, Giannis Antetokounmpo, Khris Middleton, Larry Sanders, O.J. Mayo",20,87,88,91,90,2699,2865,4,2,2,166
"21400088","MEM","Courtney Lee, Marc Gasol, Mike Conley, Tayshaun Prince, Zach Randolph",21,81,80,90,92,2462,2872,9,12,-3,410
"21400088","MIL","Brandon Knight, Giannis Antetokounmpo, Jared Dudley, Khris Middleton, O.J. Mayo",21,91,90,92,90,2865,2872,1,0,1,7
"21400088","MEM","Courtney Lee, Marc Gasol, Mike Conley, Tayshaun Prince, Tony Allen",22,90,92,93,92,2872,2879,3,0,3,7
"21400088","MIL","Brandon Knight, Jared Dudley, Khris Middleton, Larry Sanders, O.J. Mayo",22,92,90,92,90,2872,2872,0,0,0,0
"21400088","MEM","Courtney Lee, Marc Gasol, Mike Conley, Tayshaun Prince, Zach Randolph",23,93,92,93,92,2879,2880,0,0,0,1
"21400088","MIL","Brandon Knight, Jared Dudley, Khris Middleton, Larry Sanders, Zaza Pachulia",23,92,90,92,90,2872,2872,0,0,0,0
"21400088","MIL","Brandon Knight, Jared Dudley, Khris Middleton, O.J. Mayo, Zaza Pachulia",24,92,90,92,93,2872,2879,0,3,-3,7
"21400088","MIL","Brandon Knight, Giannis Antetokounmpo, Jared Dudley, Khris Middleton, Zaza Pachulia",25,92,93,92,93,2879,2879,0,0,0,0
"21400088","MIL","Brandon Knight, Giannis Antetokounmpo, Khris Middleton, Larry Sanders, Zaza Pachulia",26,92,93,92,93,2879,2880,0,0,0,1
"21400089","NOP","Anthony Davis, Eric Gordon, Jrue Holiday, Omer Asik, Tyreke Evans",0,0,0,19,24,0,495,19,24,-5,495
"21400089","SAS","Boris Diaw, Danny Green, Kawhi Leonard, Tim Duncan, Tony Parker",0,0,0,22,16,0,400,22,16,6,400
"21400089","NOP","Anthony Davis, Austin Rivers, Eric Gordon, Jrue Holiday, Omer Asik",1,19,24,19,24,495,495,0,0,0,0
"21400089","SAS","Boris Diaw, Danny Green, Manu Ginobili, Tim Duncan, Tony Parker",1,22,16,24,19,400,495,2,3,-1,95
"21400089","NOP","Anthony Davis, Austin Rivers, Eric Gordon, Jrue Holiday, Ryan Anderson",2,19,24,21,28,495,612,2,4,-2,117
"21400089","SAS","Austin Daye, Danny Green, Manu Ginobili, Tim Duncan, Tony Parker",2,24,19,24,21,495,560,0,2,-2,65
"21400089","NOP","Anthony Davis, Austin Rivers, Eric Gordon, Jimmer Fredette, Ryan Anderson",3,21,28,21,28,612,612,0,0,0,0
"21400089","SAS","Austin Daye, Cory Joseph, Danny Green, Manu Ginobili, Tim Duncan",3,24,21,30,23,560,657,6,2,4,97
"21400089","NOP","Anthony Davis, Austin Rivers, Jimmer Fredette, John Salmons, Ryan Anderson",4,21,28,23,30,612,657,2,2,0,45
"21400089","SAS","Austin Daye, Cory Joseph, Kawhi Leonard, Manu Ginobili, Tim Duncan",4,30,23,30,23,657,683,0,0,0,26
"21400089","NOP","Alexis Ajinca, Austin Rivers, Jimmer Fredette, John Salmons, Ryan Anderson",5,23,30,32,37,657,931,9,7,2,274
"21400089","SAS","Austin Daye, Boris Diaw, Cory Joseph, Kawhi Leonard, Manu Ginobili",5,30,23,30,23,683,720,0,0,0,37
"21400089","NOP","Alexis Ajinca, Austin Rivers, Jimmer Fredette, Ryan Anderson, Tyreke Evans",6,32,37,32,37,931,931,0,0,0,0
"21400089","SAS","Aron Baynes, Austin Daye, Cory Joseph, Kawhi Leonard, Manu Ginobili",6,30,23,32,29,720,819,2,6,-4,99
"21400089","NOP","Austin Rivers, Jimmer Fredette, Omer Asik, Ryan Anderson, Tyreke Evans",7,32,37,34,40,931,967,2,3,-1,36
"21400089","SAS","Austin Daye, Cory Joseph, Jeff Ayres, Kawhi Leonard, Manu Ginobili",7,32,29,34,32,819,880,2,3,-1,61
"21400089","NOP","Austin Rivers, Eric Gordon, Omer Asik, Ryan Anderson, Tyreke Evans",8,34,40,36,43,967,1042,2,3,-1,75
"21400089","SAS","Aron Baynes, Austin Daye, Cory Joseph, Kawhi Leonard, Manu Ginobili",8,34,32,34,32,880,880,0,0,0,0
"21400089","NOP","Eric Gordon, Jrue Holiday, Omer Asik, Ryan Anderson, Tyreke Evans",9,36,43,38,43,1042,1083,2,0,2,41
"21400089","SAS","Aron Baynes, Austin Daye, Cory Joseph, Kawhi Leonard, Tony Parker",9,34,32,40,34,880,967,6,2,4,87
"21400089","NOP","Anthony Davis, Eric Gordon, Jrue Holiday, Omer Asik, Tyreke Evans",10,38,43,49,51,1083,1378,11,8,3,295
"21400089","SAS","Aron Baynes, Austin Daye, Danny Green, Kawhi Leonard, Tony Parker",10,40,34,43,38,967,1083,3,4,-1,116
"21400089","NOP","Anthony Davis, Eric Gordon, Jrue Holiday, Ryan Anderson, Tyreke Evans",11,49,51,51,53,1378,1399,2,2,0,21
"21400089","SAS","Aron Baynes, Danny Green, Kawhi Leonard, Tim Duncan, Tony Parker",11,43,38,45,40,1083,1146,2,2,0,63
"21400089","NOP","Anthony Davis, Austin Rivers, Eric Gordon, Ryan Anderson, Tyreke Evans",12,51,53,53,55,1399,1440,2,2,0,41
"21400089","SAS","Aron Baynes, Danny Green, Manu Ginobili, Tim Duncan, Tony Parker",12,45,40,45,42,1146,1180,0,2,-2,34
"21400089","NOP","Anthony Davis, Eric Gordon, Jrue Holiday, Omer Asik, Tyreke Evans",13,53,55,66,68,1440,1891,13,13,0,451
"21400089","SAS","Boris Diaw, Danny Green, Manu Ginobili, Tim Duncan, Tony Parker",13,45,42,51,49,1180,1378,6,7,-1,198
"21400089","NOP","Anthony Davis, Eric Gordon, Jrue Holiday, Ryan Anderson, Tyreke Evans",14,66,68,66,68,1891,1891,0,0,0,0
"21400089","SAS","Danny Green, Kawhi Leonard, Manu Ginobili, Tim Duncan, Tony Parker",14,51,49,55,53,1378,1440,4,4,0,62
"21400089","NOP","Anthony Davis, Austin Rivers, Eric Gordon, Jrue Holiday, Ryan Anderson",15,66,68,68,73,1891,1981,2,5,-3,90
"21400089","SAS","Boris Diaw, Danny Green, Kawhi Leonard, Tim Duncan, Tony Parker",15,55,53,66,64,1440,1796,11,11,0,356
"21400089","NOP","Anthony Davis, Austin Rivers, Eric Gordon, Jimmer Fredette, Ryan Anderson",16,68,73,68,76,1981,2054,0,3,-3,73
"21400089","SAS","Boris Diaw, Kawhi Leonard, Manu Ginobili, Tim Duncan, Tony Parker",16,66,64,68,66,1796,1891,2,2,0,95
"21400089","NOP","Anthony Davis, Austin Rivers, Jimmer Fredette, Ryan Anderson, Tyreke Evans",17,68,76,68,76,2054,2070,0,0,0,16
"21400089","SAS","Boris Diaw, Cory Joseph, Kawhi Leonard, Manu Ginobili, Tim Duncan",17,68,66,68,66,1891,1891,0,0,0,0
"21400089","NOP","Alexis Ajinca, Austin Rivers, Jimmer Fredette, Ryan Anderson, Tyreke Evans",18,68,76,73,83,2070,2235,5,7,-2,165
"21400089","SAS","Aron Baynes, Cory Joseph, Kawhi Leonard, Manu Ginobili, Tim Duncan",18,68,66,68,66,1891,1901,0,0,0,10
"21400089","NOP","Alexis Ajinca, Austin Rivers, Jrue Holiday, Ryan Anderson, Tyreke Evans",19,73,83,75,85,2235,2323,2,2,0,88
"21400089","SAS","Aron Baynes, Austin Daye, Cory Joseph, Kawhi Leonard, Manu Ginobili",19,68,66,73,68,1901,1959,5,2,3,58
"21400089","NOP","Anthony Davis, Austin Rivers, Jrue Holiday, Ryan Anderson, Tyreke Evans",20,75,85,75,85,2323,2323,0,0,0,0
"21400089","SAS","Aron Baynes, Austin Daye, Cory Joseph, Danny Green, Manu Ginobili",20,73,68,81,71,1959,2160,8,3,5,201
"21400089","NOP","Anthony Davis, Eric Gordon, Jrue Holiday, Ryan Anderson, Tyreke Evans",21,75,85,82,90,2323,2482,7,5,2,159
"21400089","SAS","Boris Diaw, Kawhi Leonard, Manu Ginobili, Tim Duncan, Tony Parker",21,81,71,94,84,2160,2598,13,13,0,438
"21400089","NOP","Anthony Davis, Eric Gordon, Jrue Holiday, Omer Asik, Tyreke Evans",22,82,90,88,94,2482,2638,6,4,2,156
"21400089","SAS","Boris Diaw, Danny Green, Kawhi Leonard, Tim Duncan, Tony Parker",22,94,84,94,84,2598,2598,0,0,0,0
"21400089","NOP","Anthony Davis, Eric Gordon, Jrue Holiday, Ryan Anderson, Tyreke Evans",23,88,94,96,98,2638,2858,8,4,4,220
"21400089","SAS","Boris Diaw, Cory Joseph, Danny Green, Kawhi Leonard, Tim Duncan",23,94,84,94,84,2598,2598,0,0,0,0
"21400089","NOP","Anthony Davis, Eric Gordon, Jrue Holiday, Omer Asik, Tyreke Evans",24,96,98,99,98,2858,2868,3,0,3,10
"21400089","SAS","Aron Baynes, Boris Diaw, Cory Joseph, Danny Green, Kawhi Leonard",24,94,84,98,96,2598,2858,4,12,-8,260
"21400089","NOP","Anthony Davis, Eric Gordon, Jrue Holiday, Ryan Anderson, Tyreke Evans",25,99,98,99,100,2868,2880,0,2,-2,12
"21400089","SAS","Aron Baynes, Boris Diaw, Danny Green, Kawhi Leonard, Manu Ginobili",25,98,96,98,96,2858,2858,0,0,0,0
"21400089","SAS","Boris Diaw, Danny Green, Kawhi Leonard, Manu Ginobili, Tim Duncan",26,98,96,98,99,2858,2868,0,3,-3,10
"21400089","SAS","Aron Baynes, Boris Diaw, Danny Green, Kawhi Leonard, Manu Ginobili",27,98,99,98,99,2868,2868,0,0,0,0
"21400089","SAS","Aron Baynes, Boris Diaw, Cory Joseph, Danny Green, Kawhi Leonard",28,98,99,100,99,2868,2874,2,0,2,6
"21400089","SAS","Aron Baynes, Boris Diaw, Danny Green, Kawhi Leonard, Tony Parker",29,100,99,100,99,2874,2874,0,0,0,0
"21400089","SAS","Aron Baynes, Boris Diaw, Kawhi Leonard, Manu Ginobili, Tony Parker",30,100,99,100,99,2874,2874,0,0,0,0
"21400089","SAS","Boris Diaw, Kawhi Leonard, Manu Ginobili, Tim Duncan, Tony Parker",31,100,99,100,99,2874,2880,0,0,0,6
"21400090","BKN","Bojan Bogdanovic, Brook Lopez, Deron Williams, Joe Johnson, Kevin Garnett",0,0,0,13,12,0,443,13,12,1,443
"21400090","ORL","Channing Frye, Elfrid Payton, Evan Fournier, Nikola Vucevic, Tobias Harris",0,0,0,12,13,0,443,12,13,-1,443
"21400090","BKN","Bojan Bogdanovic, Brook Lopez, Deron Williams, Joe Johnson, Mirza Teletovic",1,13,12,21,18,443,580,8,6,2,137
"21400090","ORL","Elfrid Payton, Evan Fournier, Maurice Harkless, Nikola Vucevic, Tobias Harris",1,12,13,18,21,443,580,6,8,-2,137
"21400090","BKN","Bojan Bogdanovic, Brook Lopez, Jarrett Jack, Joe Johnson, Mirza Teletovic",2,21,18,21,18,580,580,0,0,0,0
"21400090","ORL","Evan Fournier, Luke Ridnour, Maurice Harkless, Nikola Vucevic, Tobias Harris",2,18,21,18,21,580,645,0,0,0,65
"21400090","BKN","Alan Anderson, Brook Lopez, Jarrett Jack, Joe Johnson, Mirza Teletovic",3,21,18,23,24,580,693,2,6,-4,113
"21400090","ORL","Ben Gordon, Luke Ridnour, Maurice Harkless, Nikola Vucevic, Tobias Harris",3,18,21,24,23,645,720,6,2,4,75
"21400090","BKN","Alan Anderson, Jarrett Jack, Joe Johnson, Mason Plumlee, Mirza Teletovic",4,23,24,23,24,693,794,0,0,0,101
"21400090","ORL","Aaron Gordon, Ben Gordon, Channing Frye, Luke Ridnour, Willie Green",4,24,23,37,40,720,1113,13,17,-4,393
"21400090","BKN","Alan Anderson, Deron Williams, Jarrett Jack, Mason Plumlee, Mirza Teletovic",5,23,24,38,35,794,1033,15,11,4,239
"21400090","ORL","Aaron Gordon, Channing Frye, Luke Ridnour, Tobias Harris, Willie Green",5,37,40,37,40,1113,1113,0,0,0,0
"21400090","BKN","Alan Anderson, Deron Williams, Jarrett Jack, Kevin Garnett, Mason Plumlee",6,38,35,40,37,1033,1113,2,2,0,80
"21400090","ORL","Channing Frye, Evan Fournier, Luke Ridnour, Tobias Harris, Willie Green",6,37,40,46,47,1113,1279,9,7,2,166
"21400090","BKN","Bojan Bogdanovic, Deron Williams, Jarrett Jack, Kevin Garnett, Mason Plumlee",7,40,37,47,46,1113,1279,7,9,-2,166
"21400090","ORL","Evan Fournier, Luke Ridnour, Nikola Vucevic, Tobias Harris, Willie Green",7,46,47,46,47,1279,1279,0,0,0,0
"21400090","BKN","Deron Williams, Jarrett Jack, Joe Johnson, Kevin Garnett, Mason Plumlee",8,47,46,48,46,1279,1293,1,0,1,14
"21400090","ORL","Elfrid Payton, Evan Fournier, Nikola Vucevic, Tobias Harris, Willie Green",8,46,47,50,52,1279,1440,4,5,-1,161
"21400090","BKN","Brook Lopez, Deron Williams, Jarrett Jack, Joe Johnson, Kevin Garnett",9,48,46,52,50,1293,1440,4,4,0,147
"21400090","ORL","Channing Frye, Elfrid Payton, Evan Fournier, Nikola Vucevic, Tobias Harris",9,50,52,76,71,1440,1943,26,19,7,503
"21400090","BKN","Bojan Bogdanovic, Brook Lopez, Deron Williams, Joe Johnson, Kevin Garnett",10,52,50,71,76,1440,1943,19,26,-7,503
"21400090","ORL","Elfrid Payton, Evan Fournier, Maurice Harkless, Nikola Vucevic, Tobias Harris",10,76,71,81,77,1943,2160,5,6,-1,217
"21400090","BKN","Bojan Bogdanovic, Brook Lopez, Deron Williams, Joe Johnson, Mirza Teletovic",11,71,76,73,79,1943,2008,2,3,-1,65
"21400090","ORL","Aaron Gordon, Channing Frye, Evan Fournier, Luke Ridnour, Maurice Harkless",11,81,77,83,79,2160,2256,2,2,0,96
"21400090","BKN","Bojan Bogdanovic, Brook Lopez, Jarrett Jack, Joe Johnson, Mirza Teletovic",12,73,79,75,79,2008,2069,2,0,2,61
"21400090","ORL","Aaron Gordon, Channing Frye, Luke Ridnour, Maurice Harkless, Willie Green",12,83,79,89,89,2256,2525,6,10,-4,269
"21400090","BKN","Alan Anderson, Bojan Bogdanovic, Brook Lopez, Jarrett Jack, Mirza Teletovic",13,75,79,77,81,2069,2160,2,2,0,91
"21400090","ORL","Aaron Gordon, Luke Ridnour, Maurice Harkless, Tobias Harris, Willie Green",13,89,89,89,89,2525,2525,0,0,0,0
"21400090","BKN","Alan Anderson, Bojan Bogdanovic, Jarrett Jack, Mason Plumlee, Mirza Teletovic",14,77,81,79,83,2160,2231,2,2,0,71
"21400090","ORL","Aaron Gordon, Luke Ridnour, Nikola Vucevic, Tobias Harris, Willie Green",14,89,89,94,89,2525,2622,5,0,5,97
"21400090","BKN","Alan Anderson, Deron Williams, Jarrett Jack, Mason Plumlee, Mirza Teletovic",15,79,83,89,89,2231,2525,10,6,4,294
"21400090","ORL","Aaron Gordon, Elfrid Payton, Nikola Vucevic, Tobias Harris, Willie Green",15,94,89,96,89,2622,2687,2,0,2,65
"21400090","BKN","Alan Anderson, Bojan Bogdanovic, Deron Williams, Jarrett Jack, Mason Plumlee",16,89,89,89,89,2525,2525,0,0,0,0
"21400090","ORL","Aaron Gordon, Elfrid Payton, Evan Fournier, Nikola Vucevic, Tobias Harris",16,96,89,98,92,2687,2740,2,3,-1,53
"21400090","BKN","Alan Anderson, Bojan Bogdanovic, Deron Williams, Joe Johnson, Mason Plumlee",17,89,89,89,89,2525,2525,0,0,0,0
"21400090","ORL","Channing Frye, Elfrid Payton, Evan Fournier, Nikola Vucevic, Tobias Harris",17,98,92,102,94,2740,2815,4,2,2,75
"21400090","BKN","Alan Anderson, Bojan Bogdanovic, Deron Williams, Joe Johnson, Kevin Garnett",18,89,89,96,104,2525,2880,7,15,-8,355
"21400090","ORL","Aaron Gordon, Channing Frye, Elfrid Payton, Evan Fournier, Tobias Harris",18,102,94,102,94,2815,2815,0,0,0,0
"21400090","ORL","Aaron Gordon, Elfrid Payton, Evan Fournier, Maurice Harkless, Tobias Harris",19,102,94,104,94,2815,2829,2,0,2,14
"21400090","ORL","Aaron Gordon, Channing Frye, Elfrid Payton, Evan Fournier, Tobias Harris",20,104,94,104,94,2829,2829,0,0,0,0
"21400090","ORL","Channing Frye, Elfrid Payton, Evan Fournier, Nikola Vucevic, Tobias Harris",21,104,94,104,96,2829,2880,0,2,-2,51
"21400091","DET","Andre Drummond, Brandon Jennings, Greg Monroe, Josh Smith, Kentavious Caldwell-Pope",0,0,0,9,15,0,297,9,15,-6,297
"21400091","UTA","Alec Burks, Derrick Favors, Enes Kanter, Gordon Hayward, Trey Burke",0,0,0,19,13,0,467,19,13,6,467
"21400091","DET","Brandon Jennings, Caron Butler, Greg Monroe, Josh Smith, Kentavious Caldwell-Pope",1,9,15,17,19,297,534,8,4,4,237
"21400091","UTA","Alec Burks, Dante Exum, Derrick Favors, Enes Kanter, Trey Burke",1,19,13,19,17,467,538,0,4,-4,71
"21400091","DET","Andre Drummond, Brandon Jennings, Caron Butler, Josh Smith, Kentavious Caldwell-Pope",2,17,19,17,19,534,538,0,0,0,4
"21400091","UTA","Alec Burks, Dante Exum, Enes Kanter, Rudy Gobert, Trey Burke",2,19,17,19,17,538,538,0,0,0,0
"21400091","DET","Andre Drummond, Brandon Jennings, Caron Butler, Josh Smith, Kyle Singler",3,17,19,19,23,538,630,2,4,-2,92
"21400091","UTA","Alec Burks, Dante Exum, Joe Ingles, Rudy Gobert, Trey Burke",3,19,17,19,17,538,538,0,0,0,0
"21400091","DET","Andre Drummond, Brandon Jennings, Caron Butler, Jonas Jerebko, Kyle Singler",4,19,23,19,23,630,630,0,0,0,0
"21400091","UTA","Alec Burks, Dante Exum, Joe Ingles, Rudy Gobert, Trevor Booker",4,19,17,27,21,538,720,8,4,4,182
"21400091","DET","Andre Drummond, Caron Butler, D.J. Augustin, Jonas Jerebko, Kyle Singler",5,19,23,29,38,630,957,10,15,-5,327
"21400091","UTA","Dante Exum, Gordon Hayward, Joe Ingles, Rudy Gobert, Trevor Booker",5,27,21,35,27,720,840,8,6,2,120
"21400091","DET","Andre Drummond, D.J. Augustin, Jonas Jerebko, Kentavious Caldwell-Pope, Kyle Singler",6,29,38,32,38,957,1052,3,0,3,95
"21400091","UTA","Gordon Hayward, Joe Ingles, Rudy Gobert, Trevor Booker, Trey Burke",6,35,27,38,29,840,936,3,2,1,96
"21400091","DET","Andre Drummond, D.J. Augustin, Josh Smith, Kentavious Caldwell-Pope, Kyle Singler",7,32,38,34,40,1052,1080,2,2,0,28
"21400091","UTA","Derrick Favors, Gordon Hayward, Joe Ingles, Trevor Booker, Trey Burke",7,38,29,38,31,936,995,0,2,-2,59
"21400091","DET","Andre Drummond, Brandon Jennings, Josh Smith, Kentavious Caldwell-Pope, Kyle Singler",8,34,40,34,40,1080,1080,0,0,0,0
"21400091","UTA","Derrick Favors, Enes Kanter, Gordon Hayward, Joe Ingles, Trey Burke",8,38,31,40,34,995,1092,2,3,-1,97
"21400091","DET","Andre Drummond, Brandon Jennings, Greg Monroe, Josh Smith, Kentavious Caldwell-Pope",9,34,40,36,41,1080,1166,2,1,1,86
"21400091","UTA","Alec Burks, Derrick Favors, Enes Kanter, Gordon Hayward, Trey Burke",9,40,34,43,37,1092,1190,3,3,0,98
"21400091","DET","Brandon Jennings, Greg Monroe, Josh Smith, Kentavious Caldwell-Pope, Kyle Singler",10,36,41,52,52,1166,1440,16,11,5,274
"21400091","UTA","Alec Burks, Derrick Favors, Enes Kanter, Gordon Hayward, Joe Ingles",10,43,37,52,52,1190,1440,9,15,-6,250
"21400091","DET","Andre Drummond, Brandon Jennings, Greg Monroe, Josh Smith, Kentavious Caldwell-Pope",11,52,52,65,60,1440,1721,13,8,5,281
"21400091","UTA","Alec Burks, Derrick Favors, Enes Kanter, Gordon Hayward, Trey Burke",11,52,52,55,63,1440,1609,3,11,-8,169
"21400091","DET","Andre Drummond, Brandon Jennings, Caron Butler, Greg Monroe, Kentavious Caldwell-Pope",12,65,60,76,67,1721,1967,11,7,4,246
"21400091","UTA","Alec Burks, Dante Exum, Derrick Favors, Enes Kanter, Gordon Hayward",12,55,63,65,75,1609,1902,10,12,-2,293
"21400091","DET","Andre Drummond, Brandon Jennings, Caron Butler, Greg Monroe, Kyle Singler",13,76,67,76,67,1967,1974,0,0,0,7
"21400091","UTA","Alec Burks, Dante Exum, Derrick Favors, Enes Kanter, Trevor Booker",13,65,75,65,75,1902,1902,0,0,0,0
"21400091","DET","Andre Drummond, Brandon Jennings, Caron Butler, Jonas Jerebko, Kyle Singler",14,76,67,77,69,1974,2037,1,2,-1,63
"21400091","UTA","Alec Burks, Dante Exum, Derrick Favors, Joe Ingles, Trevor Booker",14,65,75,67,76,1902,1974,2,1,1,72
"21400091","DET","Andre Drummond, Caron Butler, D.J. Augustin, Jonas Jerebko, Kyle Singler",15,77,69,79,74,2037,2160,2,5,-3,123
"21400091","UTA","Alec Burks, Dante Exum, Joe Ingles, Rudy Gobert, Trevor Booker",15,67,76,74,79,1974,2160,7,3,4,186
"21400091","DET","Caron Butler, D.J. Augustin, Greg Monroe, Jonas Jerebko, Kyle Singler",16,79,74,89,82,2160,2401,10,8,2,241
"21400091","UTA","Gordon Hayward, Joe Ingles, Rudy Gobert, Trevor Booker, Trey Burke",16,74,79,78,87,2160,2334,4,8,-4,174
"21400091","DET","Caron Butler, D.J. Augustin, Greg Monroe, Jonas Jerebko, Josh Smith",17,89,82,89,82,2401,2401,0,0,0,0
"21400091","UTA","Derrick Favors, Gordon Hayward, Joe Ingles, Trevor Booker, Trey Burke",17,78,87,82,89,2334,2401,4,2,2,67
"21400091","DET","D.J. Augustin, Greg Monroe, Jonas Jerebko, Josh Smith, Kentavious Caldwell-Pope",18,89,82,89,86,2401,2450,0,4,-4,49
"21400091","UTA","Derrick Favors, Enes Kanter, Gordon Hayward, Joe Ingles, Trey Burke",18,82,89,86,89,2401,2508,4,0,4,107
"21400091","DET","Andre Drummond, D.J. Augustin, Jonas Jerebko, Josh Smith, Kentavious Caldwell-Pope",19,89,86,89,86,2450,2450,0,0,0,0
"21400091","UTA","Alec Burks, Derrick Favors, Enes Kanter, Gordon Hayward, Trey Burke",19,86,89,86,91,2508,2555,0,2,-2,47
"21400091","DET","Andre Drummond, Caron Butler, D.J. Augustin, Josh Smith, Kentavious Caldwell-Pope",20,89,86,91,86,2450,2579,2,0,2,129
"21400091","UTA","Alec Burks, Dante Exum, Derrick Favors, Enes Kanter, Gordon Hayward",20,86,91,97,94,2555,2796,11,3,8,241
"21400091","DET","Andre Drummond, Brandon Jennings, Caron Butler, Josh Smith, Kentavious Caldwell-Pope",21,91,86,91,91,2579,2668,0,5,-5,89
"21400091","UTA","Alec Burks, Dante Exum, Derrick Favors, Gordon Hayward, Trevor Booker",21,97,94,97,96,2796,2880,0,2,-2,84
"21400091","DET","Brandon Jennings, Caron Butler, Greg Monroe, Josh Smith, Kentavious Caldwell-Pope",22,91,91,96,97,2668,2880,5,6,-1,212
"21400092","OKC","Jeremy Lamb, Lance Thomas, Reggie Jackson, Serge Ibaka, Steven Adams",0,0,0,13,14,0,439,13,14,-1,439
"21400092","SAC","Ben McLemore, Darren Collison, DeMarcus Cousins, Jason Thompson, Rudy Gay",0,0,0,5,7,0,308,5,7,-2,308
"21400092","OKC","Jeremy Lamb, Kendrick Perkins, Lance Thomas, Reggie Jackson, Serge Ibaka",1,13,14,14,16,439,468,1,2,-1,29
"21400092","SAC","Darren Collison, DeMarcus Cousins, Jason Thompson, Nik Stauskas, Rudy Gay",1,5,7,14,13,308,439,9,6,3,131
"21400092","OKC","Jeremy Lamb, Kendrick Perkins, Lance Thomas, Nick Collison, Reggie Jackson",2,14,16,14,23,468,626,0,7,-7,158
"21400092","SAC","Carl Landry, Darren Collison, DeMarcus Cousins, Nik Stauskas, Rudy Gay",2,14,13,21,14,439,556,7,1,6,117
"21400092","OKC","Jeremy Lamb, Kendrick Perkins, Lance Thomas, Nick Collison, Sebastian Telfair",3,14,23,17,24,626,716,3,1,2,90
"21400092","SAC","Carl Landry, DeMarcus Cousins, Nik Stauskas, Ramon Sessions, Rudy Gay",3,21,14,23,14,556,626,2,0,2,70
"21400092","OKC","Jeremy Lamb, Kendrick Perkins, Nick Collison, Reggie Jackson, Sebastian Telfair",4,17,24,27,35,716,1003,10,11,-1,287
"21400092","SAC","Carl Landry, Nik Stauskas, Ramon Sessions, Reggie Evans, Rudy Gay",4,23,14,24,17,626,716,1,3,-2,90
"21400092","OKC","Kendrick Perkins, Nick Collison, Reggie Jackson, Sebastian Telfair, Serge Ibaka",5,27,35,27,38,1003,1099,0,3,-3,96
"21400092","SAC","Carl Landry, Ramon Sessions, Ray McCallum, Reggie Evans, Rudy Gay",5,24,17,24,17,716,720,0,0,0,4
"21400092","OKC","Nick Collison, Reggie Jackson, Sebastian Telfair, Serge Ibaka, Steven Adams",6,27,38,35,43,1099,1252,8,5,3,153
"21400092","SAC","Carl Landry, Nik Stauskas, Omri Casspi, Ramon Sessions, Reggie Evans",6,24,17,27,19,720,814,3,2,1,94
"21400092","OKC","Lance Thomas, Reggie Jackson, Sebastian Telfair, Serge Ibaka, Steven Adams",7,35,43,35,43,1252,1252,0,0,0,0
"21400092","SAC","Carl Landry, Omri Casspi, Ramon Sessions, Ray McCallum, Reggie Evans",7,27,19,35,27,814,1003,8,8,0,189
"21400092","OKC","Jeremy Lamb, Lance Thomas, Reggie Jackson, Serge Ibaka, Steven Adams",8,35,43,39,49,1252,1405,4,6,-2,153
"21400092","SAC","Jason Thompson, Omri Casspi, Ramon Sessions, Ray McCallum, Reggie Evans",8,35,27,35,27,1003,1003,0,0,0,0
"21400092","OKC","Jeremy Lamb, Kendrick Perkins, Lance Thomas, Reggie Jackson, Serge Ibaka",9,39,49,39,52,1405,1440,0,3,-3,35
"21400092","SAC","DeMarcus Cousins, Jason Thompson, Omri Casspi, Ramon Sessions, Ray McCallum",9,35,27,38,27,1003,1052,3,0,3,49
"21400092","OKC","Jeremy Lamb, Lance Thomas, Reggie Jackson, Serge Ibaka, Steven Adams",10,39,52,50,56,1440,1799,11,4,7,359
"21400092","SAC","Darren Collison, DeMarcus Cousins, Jason Thompson, Omri Casspi, Ray McCallum",10,38,27,38,27,1052,1052,0,0,0,0
"21400092","OKC","Jeremy Lamb, Kendrick Perkins, Lance Thomas, Reggie Jackson, Serge Ibaka",11,50,56,57,58,1799,1923,7,2,5,124
"21400092","SAC","Darren Collison, DeMarcus Cousins, Jason Thompson, Ray McCallum, Rudy Gay",11,38,27,38,27,1052,1099,0,0,0,47
"21400092","OKC","Jeremy Lamb, Kendrick Perkins, Lance Thomas, Nick Collison, Reggie Jackson",12,57,58,57,58,1923,1923,0,0,0,0
"21400092","SAC","Ben McLemore, Darren Collison, DeMarcus Cousins, Jason Thompson, Rudy Gay",12,38,27,47,37,1099,1321,9,10,-1,222
"21400092","OKC","Kendrick Perkins, Lance Thomas, Nick Collison, Reggie Jackson, Sebastian Telfair",13,57,58,58,62,1923,2052,1,4,-3,129
"21400092","SAC","Darren Collison, DeMarcus Cousins, Jason Thompson, Nik Stauskas, Rudy Gay",13,47,37,52,39,1321,1440,5,2,3,119
"21400092","OKC","Ish Smith, Kendrick Perkins, Lance Thomas, Nick Collison, Sebastian Telfair",14,58,62,65,67,2052,2160,7,5,2,108
"21400092","SAC","Ben McLemore, Darren Collison, DeMarcus Cousins, Jason Thompson, Rudy Gay",14,52,39,58,52,1440,1869,6,13,-7,429
"21400092","OKC","Ish Smith, Kendrick Perkins, Nick Collison, Sebastian Telfair, Serge Ibaka",15,65,67,71,77,2160,2335,6,10,-4,175
"21400092","SAC","Ben McLemore, Carl Landry, Darren Collison, DeMarcus Cousins, Rudy Gay",15,58,52,60,57,1869,1996,2,5,-3,127
"21400092","OKC","Ish Smith, Kendrick Perkins, Nick Collison, Reggie Jackson, Serge Ibaka",16,71,77,77,83,2335,2505,6,6,0,170
"21400092","SAC","Ben McLemore, Carl Landry, Darren Collison, Reggie Evans, Rudy Gay",16,60,57,67,65,1996,2160,7,8,-1,164
"21400092","OKC","Jeremy Lamb, Kendrick Perkins, Nick Collison, Reggie Jackson, Serge Ibaka",17,77,83,81,85,2505,2600,4,2,2,95
"21400092","SAC","Carl Landry, Nik Stauskas, Omri Casspi, Ramon Sessions, Reggie Evans",17,67,65,82,74,2160,2450,15,9,6,290
"21400092","OKC","Jeremy Lamb, Nick Collison, Reggie Jackson, Serge Ibaka, Steven Adams",18,81,85,81,87,2600,2661,0,2,-2,61
"21400092","SAC","Carl Landry, Omri Casspi, Ramon Sessions, Reggie Evans, Rudy Gay",18,82,74,82,74,2450,2450,0,0,0,0
"21400092","OKC","Jeremy Lamb, Lance Thomas, Reggie Jackson, Serge Ibaka, Steven Adams",19,81,87,93,99,2661,2860,12,12,0,199
"21400092","SAC","Carl Landry, DeMarcus Cousins, Omri Casspi, Reggie Evans, Rudy Gay",19,82,74,82,74,2450,2450,0,0,0,0
"21400092","OKC","Ish Smith, Jeremy Lamb, Lance Thomas, Reggie Jackson, Serge Ibaka",20,93,99,93,101,2860,2880,0,2,-2,20
"21400092","SAC","Carl Landry, Darren Collison, DeMarcus Cousins, Omri Casspi, Rudy Gay",20,82,74,82,74,2450,2467,0,0,0,17
"21400092","SAC","Darren Collison, DeMarcus Cousins, Jason Thompson, Omri Casspi, Rudy Gay",21,82,74,82,74,2467,2467,0,0,0,0
"21400092","SAC","Ben McLemore, Darren Collison, DeMarcus Cousins, Jason Thompson, Rudy Gay",22,82,74,96,89,2467,2830,14,15,-1,363
"21400092","SAC","Ben McLemore, Darren Collison, DeMarcus Cousins, Nik Stauskas, Rudy Gay",23,96,89,96,91,2830,2832,0,2,-2,2
"21400092","SAC","Ben McLemore, Darren Collison, DeMarcus Cousins, Jason Thompson, Rudy Gay",24,96,91,99,93,2832,2860,3,2,1,28
"21400092","SAC","Ben McLemore, Darren Collison, DeMarcus Cousins, Nik Stauskas, Rudy Gay",25,99,93,101,93,2860,2880,2,0,2,20
"21400093","PHI","Henry Sims, Hollis Thompson, JaKarr Sampson, Luc Mbah a Moute, Tony Wroten",0,0,0,4,9,0,196,4,9,-5,196
"21400093","TOR","Amir Johnson, DeMar DeRozan, Jonas Valanciunas, Kyle Lowry, Terrence Ross",0,0,0,19,15,0,460,19,15,4,460
"21400093","PHI","Henry Sims, Hollis Thompson, KJ McDaniels, Luc Mbah a Moute, Tony Wroten",1,4,9,10,13,196,372,6,4,2,176
"21400093","TOR","Amir Johnson, DeMar DeRozan, Kyle Lowry, Terrence Ross, Tyler Hansbrough",1,19,15,19,15,460,460,0,0,0,0
"21400093","PHI","Brandon Davies, Hollis Thompson, KJ McDaniels, Luc Mbah a Moute, Tony Wroten",2,10,13,15,19,372,460,5,6,-1,88
"21400093","TOR","DeMar DeRozan, Kyle Lowry, Patrick Patterson, Terrence Ross, Tyler Hansbrough",2,19,15,24,18,460,533,5,3,2,73
"21400093","PHI","Brandon Davies, Chris Johnson, KJ McDaniels, Luc Mbah a Moute, Tony Wroten",3,15,19,15,19,460,474,0,0,0,14
"21400093","TOR","DeMar DeRozan, Kyle Lowry, Lou Williams, Patrick Patterson, Tyler Hansbrough",3,24,18,24,18,533,557,0,0,0,24
"21400093","PHI","Brandon Davies, Chris Johnson, JaKarr Sampson, KJ McDaniels, Tony Wroten",4,15,19,18,24,474,557,3,5,-2,83
"21400093","TOR","Greivis Vasquez, Kyle Lowry, Lou Williams, Patrick Patterson, Tyler Hansbrough",4,24,18,30,20,557,641,6,2,4,84
"21400093","PHI","Alexey Shved, Brandon Davies, Chris Johnson, JaKarr Sampson, KJ McDaniels",5,18,24,20,30,557,641,2,6,-4,84
"21400093","TOR","Greivis Vasquez, James Johnson, Lou Williams, Patrick Patterson, Tyler Hansbrough",5,30,20,42,26,641,914,12,6,6,273
"21400093","PHI","Alexey Shved, Chris Johnson, Henry Sims, JaKarr Sampson, KJ McDaniels",6,20,30,20,33,641,707,0,3,-3,66
"21400093","TOR","Greivis Vasquez, James Johnson, Jonas Valanciunas, Lou Williams, Patrick Patterson",6,42,26,47,28,914,998,5,2,3,84
"21400093","PHI","Alexey Shved, Chris Johnson, Hollis Thompson, JaKarr Sampson, KJ McDaniels",7,20,33,20,33,707,720,0,0,0,13
"21400093","TOR","DeMar DeRozan, Greivis Vasquez, James Johnson, Jonas Valanciunas, Patrick Patterson",7,47,28,47,30,998,1040,0,2,-2,42
"21400093","PHI","Alexey Shved, Chris Johnson, Henry Sims, Hollis Thompson, KJ McDaniels",8,20,33,22,36,720,790,2,3,-1,70
"21400093","TOR","Amir Johnson, DeMar DeRozan, Greivis Vasquez, James Johnson, Jonas Valanciunas",8,47,30,49,32,1040,1081,2,2,0,41
"21400093","PHI","Alexey Shved, Henry Sims, Hollis Thompson, KJ McDaniels, Luc Mbah a Moute",9,22,36,22,38,790,816,0,2,-2,26
"21400093","TOR","Amir Johnson, DeMar DeRozan, Greivis Vasquez, Jonas Valanciunas, Terrence Ross",9,49,32,54,39,1081,1221,5,7,-2,140
"21400093","PHI","Henry Sims, Hollis Thompson, KJ McDaniels, Luc Mbah a Moute, Tony Wroten",10,22,38,26,42,816,914,4,4,0,98
"21400093","TOR","Amir Johnson, DeMar DeRozan, Jonas Valanciunas, Kyle Lowry, Terrence Ross",10,54,39,67,50,1221,1687,13,11,2,466
"21400093","PHI","Henry Sims, Hollis Thompson, JaKarr Sampson, Luc Mbah a Moute, Tony Wroten",11,26,42,28,45,914,949,2,3,-1,35
"21400093","TOR","DeMar DeRozan, Jonas Valanciunas, Kyle Lowry, Patrick Patterson, Terrence Ross",11,67,50,75,52,1687,1835,8,2,6,148
"21400093","PHI","Chris Johnson, Henry Sims, Hollis Thompson, Luc Mbah a Moute, Tony Wroten",12,28,45,32,49,949,1081,4,4,0,132
"21400093","TOR","DeMar DeRozan, Kyle Lowry, Patrick Patterson, Terrence Ross, Tyler Hansbrough",12,75,52,79,52,1835,1914,4,0,4,79
"21400093","PHI","Brandon Davies, Chris Johnson, Henry Sims, Hollis Thompson, Tony Wroten",13,32,49,39,54,1081,1221,7,5,2,140
"21400093","TOR","DeMar DeRozan, Kyle Lowry, Lou Williams, Patrick Patterson, Tyler Hansbrough",13,79,52,81,58,1914,1983,2,6,-4,69
"21400093","PHI","Brandon Davies, Chris Johnson, Henry Sims, KJ McDaniels, Tony Wroten",14,39,54,39,54,1221,1290,0,0,0,69
"21400093","TOR","Greivis Vasquez, Kyle Lowry, Lou Williams, Patrick Patterson, Tyler Hansbrough",14,81,58,83,63,1983,2052,2,5,-3,69
"21400093","PHI","Brandon Davies, Chris Johnson, KJ McDaniels, Luc Mbah a Moute, Tony Wroten",15,39,54,45,60,1290,1440,6,6,0,150
"21400093","TOR","Greivis Vasquez, James Johnson, Lou Williams, Patrick Patterson, Tyler Hansbrough",15,83,63,96,67,2052,2338,13,4,9,286
"21400093","PHI","Brandon Davies, Henry Sims, Hollis Thompson, Luc Mbah a Moute, Tony Wroten",16,45,60,48,67,1440,1664,3,7,-4,224
"21400093","TOR","Greivis Vasquez, James Johnson, Lou Williams, Terrence Ross, Tyler Hansbrough",16,96,67,107,69,2338,2503,11,2,9,165
"21400093","PHI","Brandon Davies, Chris Johnson, Henry Sims, Luc Mbah a Moute, Tony Wroten",17,48,67,52,75,1664,1812,4,8,-4,148
"21400093","TOR","Greivis Vasquez, James Johnson, Landry Fields, Terrence Ross, Tyler Hansbrough",17,107,69,107,69,2503,2503,0,0,0,0
"21400093","PHI","Brandon Davies, Chris Johnson, Henry Sims, Hollis Thompson, Tony Wroten",18,52,75,52,75,1812,1812,0,0,0,0
"21400093","TOR","Chuck Hayes, Greivis Vasquez, James Johnson, Landry Fields, Terrence Ross",18,107,69,116,75,2503,2728,9,6,3,225
"21400093","PHI","Alexey Shved, Brandon Davies, Chris Johnson, Hollis Thompson, Tony Wroten",19,52,75,52,75,1812,1812,0,0,0,0
"21400093","TOR","Chuck Hayes, Greg Stiemsma, Greivis Vasquez, James Johnson, Landry Fields",19,116,75,120,88,2728,2880,4,13,-9,152
"21400093","PHI","Alexey Shved, Brandon Davies, Chris Johnson, Hollis Thompson, JaKarr Sampson",20,52,75,52,77,1812,1863,0,2,-2,51
"21400093","PHI","Alexey Shved, Brandon Davies, Chris Johnson, Hollis Thompson, KJ McDaniels",21,52,77,58,81,1863,1983,6,4,2,120
"21400093","PHI","Alexey Shved, Chris Johnson, Henry Sims, Hollis Thompson, KJ McDaniels",22,58,81,63,84,1983,2063,5,3,2,80
"21400093","PHI","Alexey Shved, Henry Sims, Hollis Thompson, KJ McDaniels, Luc Mbah a Moute",23,63,84,63,88,2063,2160,0,4,-4,97
"21400093","PHI","Henry Sims, JaKarr Sampson, KJ McDaniels, Luc Mbah a Moute, Tony Wroten",24,63,88,67,96,2160,2338,4,8,-4,178
"21400093","PHI","Brandon Davies, JaKarr Sampson, KJ McDaniels, Luc Mbah a Moute, Tony Wroten",25,67,96,67,100,2338,2388,0,4,-4,50
"21400093","PHI","Brandon Davies, Chris Johnson, JaKarr Sampson, Luc Mbah a Moute, Tony Wroten",26,67,100,67,102,2388,2427,0,2,-2,39
"21400093","PHI","Brandon Davies, Chris Johnson, Hollis Thompson, Luc Mbah a Moute, Tony Wroten",27,67,102,69,107,2427,2503,2,5,-3,76
"21400093","PHI","Alexey Shved, Brandon Davies, Chris Johnson, Hollis Thompson, Luc Mbah a Moute",28,69,107,69,107,2503,2503,0,0,0,0
"21400093","PHI","Alexey Shved, Brandon Davies, Chris Johnson, Hollis Thompson, JaKarr Sampson",29,69,107,75,114,2503,2656,6,7,-1,153
"21400093","PHI","Alexey Shved, Brandon Davies, Chris Johnson, JaKarr Sampson, KJ McDaniels",30,75,114,88,120,2656,2880,13,6,7,224
"21400094","DAL","Chandler Parsons, Dirk Nowitzki, Jameer Nelson, Monta Ellis, Tyson Chandler",0,0,0,14,10,0,361,14,10,4,361
"21400094","MIA","Chris Bosh, Dwyane Wade, Luol Deng, Norris Cole, Shawne Williams",0,0,0,10,12,0,324,10,12,-2,324
"21400094","DAL","Al-Farouq Aminu, Chandler Parsons, Jameer Nelson, Monta Ellis, Tyson Chandler",1,14,10,16,14,361,467,2,4,-2,106
"21400094","MIA","Dwyane Wade, Luol Deng, Norris Cole, Shawne Williams, Udonis Haslem",1,10,12,14,16,324,467,4,4,0,143
"21400094","DAL","Al-Farouq Aminu, Brandan Wright, Chandler Parsons, Jameer Nelson, Monta Ellis",2,16,14,16,14,467,467,0,0,0,0
"21400094","MIA","Luol Deng, Norris Cole, Shabazz Napier, Shawne Williams, Udonis Haslem",2,14,16,14,16,467,467,0,0,0,0
"21400094","DAL","Al-Farouq Aminu, Brandan Wright, Chandler Parsons, Devin Harris, Monta Ellis",3,16,14,16,14,467,476,0,0,0,9
"21400094","MIA","Luol Deng, Mario Chalmers, Shabazz Napier, Shawne Williams, Udonis Haslem",3,14,16,17,17,467,506,3,1,2,39
"21400094","DAL","Al-Farouq Aminu, Brandan Wright, Chandler Parsons, Devin Harris, Jameer Nelson",4,16,14,17,18,476,545,1,4,-3,69
"21400094","MIA","Chris Bosh, Luol Deng, Mario Chalmers, Shabazz Napier, Udonis Haslem",4,17,17,29,20,506,720,12,3,9,214
"21400094","DAL","Al-Farouq Aminu, Brandan Wright, Devin Harris, J.J. Barea, Jameer Nelson",5,17,18,17,18,545,545,0,0,0,0
"21400094","MIA","Chris Bosh, James Ennis III, Mario Chalmers, Shabazz Napier, Udonis Haslem",5,29,20,33,26,720,854,4,6,-2,134
"21400094","DAL","Al-Farouq Aminu, Brandan Wright, Devin Harris, Dirk Nowitzki, J.J. Barea",6,17,18,26,33,545,854,9,15,-6,309
"21400094","MIA","Chris Bosh, James Ennis III, Josh McRoberts, Mario Chalmers, Shabazz Napier",6,33,26,33,26,854,870,0,0,0,16
"21400094","DAL","Al-Farouq Aminu, Brandan Wright, Chandler Parsons, Devin Harris, J.J. Barea",7,26,33,26,33,854,854,0,0,0,0
"21400094","MIA","Chris Bosh, Dwyane Wade, Josh McRoberts, Mario Chalmers, Shabazz Napier",7,33,26,34,28,870,961,1,2,-1,91
"21400094","DAL","Al-Farouq Aminu, Chandler Parsons, Devin Harris, J.J. Barea, Tyson Chandler",8,26,33,28,34,854,961,2,1,1,107
"21400094","MIA","Dwyane Wade, Josh McRoberts, Mario Chalmers, Shabazz Napier, Udonis Haslem",8,34,28,38,32,961,1077,4,4,0,116
"21400094","DAL","Al-Farouq Aminu, Chandler Parsons, Devin Harris, Monta Ellis, Tyson Chandler",9,28,34,30,38,961,1030,2,4,-2,69
"21400094","MIA","Chris Bosh, Dwyane Wade, Josh McRoberts, Mario Chalmers, Shabazz Napier",9,38,32,38,34,1077,1101,0,2,-2,24
"21400094","DAL","Chandler Parsons, Devin Harris, Dirk Nowitzki, Monta Ellis, Tyson Chandler",10,30,38,32,38,1030,1077,2,0,2,47
"21400094","MIA","Chris Bosh, Dwyane Wade, Josh McRoberts, Luol Deng, Mario Chalmers",10,38,34,51,40,1101,1348,13,6,7,247
"21400094","DAL","Chandler Parsons, Dirk Nowitzki, Jameer Nelson, Monta Ellis, Tyson Chandler",11,32,38,37,43,1077,1160,5,5,0,83
"21400094","MIA","Chris Bosh, Dwyane Wade, Josh McRoberts, Luol Deng, Shawne Williams",11,51,40,51,40,1348,1348,0,0,0,0
"21400094","DAL","Brandan Wright, Chandler Parsons, Dirk Nowitzki, Jameer Nelson, Monta Ellis",12,37,43,37,47,1160,1212,0,4,-4,52
"21400094","MIA","Chris Bosh, Dwyane Wade, Luol Deng, Norris Cole, Shawne Williams",12,51,40,63,59,1348,1699,12,19,-7,351
"21400094","DAL","Al-Farouq Aminu, Brandan Wright, Dirk Nowitzki, Jameer Nelson, Monta Ellis",13,37,47,37,49,1212,1259,0,2,-2,47
"21400094","MIA","Chris Bosh, Dwyane Wade, Luol Deng, Mario Chalmers, Shawne Williams",13,63,59,65,59,1699,1746,2,0,2,47
"21400094","DAL","Al-Farouq Aminu, Dirk Nowitzki, Jameer Nelson, Monta Ellis, Tyson Chandler",14,37,49,37,49,1259,1259,0,0,0,0
"21400094","MIA","Dwyane Wade, Luol Deng, Mario Chalmers, Shawne Williams, Udonis Haslem",14,65,59,70,59,1746,1828,5,0,5,82
"21400094","DAL","Al-Farouq Aminu, Devin Harris, Dirk Nowitzki, Monta Ellis, Tyson Chandler",15,37,49,42,53,1259,1376,5,4,1,117
"21400094","MIA","Dwyane Wade, Josh McRoberts, Luol Deng, Mario Chalmers, Udonis Haslem",15,70,59,76,65,1828,1955,6,6,0,127
"21400094","DAL","Al-Farouq Aminu, Devin Harris, Monta Ellis, Richard Jefferson, Tyson Chandler",16,42,53,44,55,1376,1439,2,2,0,63
"21400094","MIA","Chris Bosh, Josh McRoberts, Luol Deng, Mario Chalmers, Udonis Haslem",16,76,65,76,65,1955,1955,0,0,0,0
"21400094","DAL","Al-Farouq Aminu, Devin Harris, Dirk Nowitzki, Monta Ellis, Tyson Chandler",17,44,55,44,55,1439,1439,0,0,0,0
"21400094","MIA","Chris Bosh, Josh McRoberts, Luol Deng, Mario Chalmers, Shabazz Napier",17,76,65,83,67,1955,2155,7,2,5,200
"21400094","DAL","Chandler Parsons, Devin Harris, Dirk Nowitzki, Monta Ellis, Tyson Chandler",18,44,55,44,55,1439,1440,0,0,0,1
"21400094","MIA","Josh McRoberts, Luol Deng, Mario Chalmers, Shabazz Napier, Udonis Haslem",18,83,67,83,67,2155,2160,0,0,0,5
"21400094","DAL","Chandler Parsons, Dirk Nowitzki, Jameer Nelson, Monta Ellis, Tyson Chandler",19,44,55,59,70,1440,1828,15,15,0,388
"21400094","MIA","Chris Bosh, Josh McRoberts, Luol Deng, Mario Chalmers, Shabazz Napier",19,83,67,88,70,2160,2296,5,3,2,136
"21400094","DAL","Dirk Nowitzki, Jameer Nelson, Monta Ellis, Richard Jefferson, Tyson Chandler",20,59,70,65,76,1828,1955,6,6,0,127
"21400094","MIA","Chris Bosh, Dwyane Wade, Josh McRoberts, Mario Chalmers, Shabazz Napier",20,88,70,88,70,2296,2342,0,0,0,46
"21400094","DAL","Devin Harris, Jameer Nelson, Monta Ellis, Richard Jefferson, Tyson Chandler",21,65,76,65,76,1955,1955,0,0,0,0
"21400094","MIA","Chris Bosh, Dwyane Wade, Mario Chalmers, Shabazz Napier, Udonis Haslem",21,88,70,94,72,2342,2420,6,2,4,78
"21400094","DAL","Al-Farouq Aminu, Devin Harris, Monta Ellis, Richard Jefferson, Tyson Chandler",22,65,76,65,76,1955,1976,0,0,0,21
"21400094","MIA","Dwyane Wade, Mario Chalmers, Shabazz Napier, Shawne Williams, Udonis Haslem",22,94,72,98,81,2420,2578,4,9,-5,158
"21400094","DAL","Al-Farouq Aminu, Brandan Wright, Devin Harris, Monta Ellis, Richard Jefferson",23,65,76,67,83,1976,2155,2,7,-5,179
"21400094","MIA","Chris Bosh, Dwyane Wade, Mario Chalmers, Shabazz Napier, Udonis Haslem",23,98,81,98,81,2578,2594,0,0,0,16
"21400094","DAL","Al-Farouq Aminu, Brandan Wright, Devin Harris, Jae Crowder, Richard Jefferson",24,67,83,67,83,2155,2155,0,0,0,0
"21400094","MIA","Chris Bosh, Dwyane Wade, Luol Deng, Mario Chalmers, Shabazz Napier",24,98,81,105,96,2594,2880,7,15,-8,286
"21400094","DAL","Brandan Wright, Charlie Villanueva, Devin Harris, Jae Crowder, Richard Jefferson",25,67,83,67,83,2155,2160,0,0,0,5
"21400094","DAL","Devin Harris, Dirk Nowitzki, J.J. Barea, Jae Crowder, Tyson Chandler",26,67,83,72,94,2160,2420,5,11,-6,260
"21400094","DAL","Devin Harris, J.J. Barea, Jae Crowder, Monta Ellis, Tyson Chandler",27,72,94,72,94,2420,2420,0,0,0,0
"21400094","DAL","J.J. Barea, Jae Crowder, Jameer Nelson, Monta Ellis, Tyson Chandler",28,72,94,72,94,2420,2420,0,0,0,0
"21400094","DAL","Chandler Parsons, Jae Crowder, Jameer Nelson, Monta Ellis, Tyson Chandler",29,72,94,74,96,2420,2458,2,2,0,38
"21400094","DAL","Brandan Wright, Chandler Parsons, Jae Crowder, Jameer Nelson, Monta Ellis",30,74,96,90,103,2458,2798,16,7,9,340
"21400094","DAL","Brandan Wright, Chandler Parsons, J.J. Barea, Jae Crowder, Jameer Nelson",31,90,103,96,105,2798,2880,6,2,4,82
"21400095","GSW","Andrew Bogut, Draymond Green, Harrison Barnes, Leandro Barbosa, Stephen Curry",0,0,0,19,23,0,489,19,23,-4,489
"21400095","PHX","Eric Bledsoe, Goran Dragic, Marcus Morris Sr., Markieff Morris, Miles Plumlee",0,0,0,23,19,0,489,23,19,4,489
"21400095","GSW","Andre Iguodala, Andrew Bogut, Draymond Green, Leandro Barbosa, Stephen Curry",1,19,23,19,23,489,489,0,0,0,0
"21400095","PHX","Eric Bledsoe, Goran Dragic, Isaiah Thomas, Markieff Morris, Miles Plumlee",1,23,19,23,19,489,489,0,0,0,0
"21400095","GSW","Andre Iguodala, Andrew Bogut, Draymond Green, Shaun Livingston, Stephen Curry",2,19,23,19,23,489,530,0,0,0,41
"21400095","PHX","Eric Bledsoe, Goran Dragic, Isaiah Thomas, Markieff Morris, P.J. Tucker",2,23,19,23,19,489,489,0,0,0,0
"21400095","GSW","Andre Iguodala, Draymond Green, Festus Ezeli, Shaun Livingston, Stephen Curry",3,19,23,23,25,530,597,4,2,2,67
"21400095","PHX","Alex Len, Goran Dragic, Isaiah Thomas, Markieff Morris, P.J. Tucker",3,23,19,23,19,489,530,0,0,0,41
"21400095","GSW","Andre Iguodala, Draymond Green, Festus Ezeli, Leandro Barbosa, Shaun Livingston",4,23,25,28,30,597,720,5,5,0,123
"21400095","PHX","Alex Len, Anthony Tolliver, Goran Dragic, Isaiah Thomas, P.J. Tucker",4,23,19,30,28,530,720,7,9,-2,190
"21400095","GSW","Andre Iguodala, Festus Ezeli, Harrison Barnes, Leandro Barbosa, Shaun Livingston",5,28,30,37,39,720,1002,9,9,0,282
"21400095","PHX","Alex Len, Anthony Tolliver, Gerald Green, Isaiah Thomas, P.J. Tucker",5,30,28,37,31,720,869,7,3,4,149
"21400095","GSW","Andre Iguodala, Andrew Bogut, Festus Ezeli, Harrison Barnes, Shaun Livingston",6,37,39,37,39,1002,1002,0,0,0,0
"21400095","PHX","Anthony Tolliver, Gerald Green, Isaiah Thomas, Miles Plumlee, P.J. Tucker",6,37,31,41,37,869,1098,4,6,-2,229
"21400095","GSW","Andre Iguodala, Andrew Bogut, Harrison Barnes, Shaun Livingston, Stephen Curry",7,37,39,37,41,1002,1098,0,2,-2,96
"21400095","PHX","Eric Bledsoe, Gerald Green, Isaiah Thomas, Miles Plumlee, P.J. Tucker",7,41,37,41,37,1098,1098,0,0,0,0
"21400095","GSW","Andre Iguodala, Andrew Bogut, Draymond Green, Shaun Livingston, Stephen Curry",8,37,41,38,44,1098,1126,1,3,-2,28
"21400095","PHX","Eric Bledsoe, Isaiah Thomas, Markieff Morris, Miles Plumlee, P.J. Tucker",8,41,37,44,38,1098,1126,3,1,2,28
"21400095","GSW","Andre Iguodala, Andrew Bogut, Brandon Rush, Draymond Green, Stephen Curry",9,38,44,41,49,1126,1249,3,5,-2,123
"21400095","PHX","Eric Bledsoe, Goran Dragic, Markieff Morris, Miles Plumlee, P.J. Tucker",9,44,38,44,38,1126,1144,0,0,0,18
"21400095","GSW","Andre Iguodala, Brandon Rush, Draymond Green, Festus Ezeli, Stephen Curry",10,41,49,43,54,1249,1314,2,5,-3,65
"21400095","PHX","Eric Bledsoe, Goran Dragic, Marcus Morris Sr., Markieff Morris, Miles Plumlee",10,44,38,54,41,1144,1289,10,3,7,145
"21400095","GSW","Andre Iguodala, Brandon Rush, Draymond Green, Marreese Speights, Stephen Curry",11,43,54,47,58,1314,1440,4,4,0,126
"21400095","PHX","Eric Bledsoe, Goran Dragic, Marcus Morris Sr., Markieff Morris, P.J. Tucker",11,54,41,58,47,1289,1440,4,6,-2,151
"21400095","GSW","Andrew Bogut, Draymond Green, Harrison Barnes, Leandro Barbosa, Stephen Curry",12,47,58,59,67,1440,1802,12,9,3,362
"21400095","PHX","Eric Bledsoe, Goran Dragic, Marcus Morris Sr., Markieff Morris, Miles Plumlee",12,58,47,69,61,1440,1851,11,14,-3,411
"21400095","GSW","Draymond Green, Festus Ezeli, Harrison Barnes, Leandro Barbosa, Stephen Curry",13,59,67,61,69,1802,1851,2,2,0,49
"21400095","PHX","Eric Bledsoe, Goran Dragic, Markieff Morris, Miles Plumlee, P.J. Tucker",13,69,61,69,63,1851,1906,0,2,-2,55
"21400095","GSW","Andre Iguodala, Draymond Green, Festus Ezeli, Leandro Barbosa, Stephen Curry",14,61,69,61,69,1851,1851,0,0,0,0
"21400095","PHX","Goran Dragic, Isaiah Thomas, Markieff Morris, Miles Plumlee, P.J. Tucker",14,69,63,72,67,1906,1995,3,4,-1,89
"21400095","GSW","Andre Iguodala, Draymond Green, Festus Ezeli, Shaun Livingston, Stephen Curry",15,61,69,63,69,1851,1884,2,0,2,33
"21400095","PHX","Goran Dragic, Isaiah Thomas, Marcus Morris Sr., Markieff Morris, P.J. Tucker",15,72,67,72,67,1995,2057,0,0,0,62
"21400095","GSW","Andre Iguodala, Draymond Green, Marreese Speights, Shaun Livingston, Stephen Curry",16,63,69,67,72,1884,1995,4,3,1,111
"21400095","PHX","Gerald Green, Goran Dragic, Isaiah Thomas, Marcus Morris Sr., P.J. Tucker",16,72,67,79,71,2057,2160,7,4,3,103
"21400095","GSW","Andre Iguodala, Draymond Green, Leandro Barbosa, Marreese Speights, Shaun Livingston",17,67,72,67,72,1995,2032,0,0,0,37
"21400095","PHX","Gerald Green, Isaiah Thomas, Marcus Morris Sr., Miles Plumlee, P.J. Tucker",17,79,71,91,107,2160,2799,12,36,-24,639
"21400095","GSW","Andre Iguodala, Harrison Barnes, Leandro Barbosa, Marreese Speights, Shaun Livingston",18,67,72,69,79,2032,2145,2,7,-5,113
"21400095","PHX","Gerald Green, Isaiah Thomas, Miles Plumlee, P.J. Tucker, T.J. Warren",18,91,107,91,107,2799,2799,0,0,0,0
"21400095","GSW","Andre Iguodala, Harrison Barnes, Leandro Barbosa, Marreese Speights, Stephen Curry",19,69,79,71,79,2145,2160,2,0,2,15
"21400095","PHX","Archie Goodwin, Gerald Green, Isaiah Thomas, P.J. Tucker, T.J. Warren",19,91,107,91,107,2799,2799,0,0,0,0
"21400095","GSW","Andre Iguodala, Harrison Barnes, Leandro Barbosa, Marreese Speights, Shaun Livingston",20,71,79,80,80,2160,2266,9,1,8,106
"21400095","PHX","Alex Len, Archie Goodwin, Gerald Green, Isaiah Thomas, T.J. Warren",20,91,107,91,107,2799,2799,0,0,0,0
"21400095","GSW","Andre Iguodala, Harrison Barnes, Marreese Speights, Shaun Livingston, Stephen Curry",21,80,80,80,80,2266,2266,0,0,0,0
"21400095","PHX","Alex Len, Anthony Tolliver, Archie Goodwin, Isaiah Thomas, T.J. Warren",21,91,107,95,107,2799,2880,4,0,4,81
"21400095","GSW","Andre Iguodala, Draymond Green, Harrison Barnes, Marreese Speights, Stephen Curry",22,80,80,80,80,2266,2266,0,0,0,0
"21400095","GSW","Andre Iguodala, Andrew Bogut, Draymond Green, Harrison Barnes, Stephen Curry",23,80,80,90,88,2266,2557,10,8,2,291
"21400095","GSW","Andre Iguodala, Andrew Bogut, Draymond Green, Harrison Barnes, Leandro Barbosa",24,90,88,95,88,2557,2620,5,0,5,63
"21400095","GSW","Andre Iguodala, Andrew Bogut, Draymond Green, Harrison Barnes, Stephen Curry",25,95,88,100,89,2620,2660,5,1,4,40
"21400095","GSW","Andre Iguodala, Andrew Bogut, Draymond Green, Leandro Barbosa, Stephen Curry",26,100,89,100,89,2660,2660,0,0,0,0
"21400095","GSW","Andre Iguodala, Draymond Green, Leandro Barbosa, Marreese Speights, Stephen Curry",27,100,89,105,91,2660,2768,5,2,3,108
"21400095","GSW","Andre Iguodala, Leandro Barbosa, Marreese Speights, Shaun Livingston, Stephen Curry",28,105,91,105,91,2768,2768,0,0,0,0
"21400095","GSW","Andre Iguodala, Leandro Barbosa, Marreese Speights, Ognjen Kuzmic, Shaun Livingston",29,105,91,105,91,2768,2768,0,0,0,0
"21400095","GSW","Brandon Rush, Leandro Barbosa, Marreese Speights, Ognjen Kuzmic, Shaun Livingston",30,105,91,107,95,2768,2880,2,4,-2,112
"21400096","DEN","Arron Afflalo, Kenneth Faried, Timofey Mozgov, Ty Lawson, Wilson Chandler",0,0,0,12,14,0,338,12,14,-2,338
"21400096","POR","Damian Lillard, LaMarcus Aldridge, Nicolas Batum, Robin Lopez, Wesley Matthews",0,0,0,14,14,0,383,14,14,0,383
"21400096","DEN","Arron Afflalo, JJ Hickson, Timofey Mozgov, Ty Lawson, Wilson Chandler",1,12,14,18,24,338,504,6,10,-4,166
"21400096","POR","Chris Kaman, Damian Lillard, LaMarcus Aldridge, Nicolas Batum, Wesley Matthews",1,14,14,24,18,383,504,10,4,6,121
"21400096","DEN","Arron Afflalo, Danilo Gallinari, JJ Hickson, Timofey Mozgov, Ty Lawson",2,18,24,18,24,504,504,0,0,0,0
"21400096","POR","Chris Kaman, LaMarcus Aldridge, Nicolas Batum, Steve Blake, Wesley Matthews",2,24,18,24,18,504,504,0,0,0,0
"21400096","DEN","Arron Afflalo, Danilo Gallinari, JaVale McGee, JJ Hickson, Ty Lawson",3,18,24,18,24,504,504,0,0,0,0
"21400096","POR","Chris Kaman, CJ McCollum, LaMarcus Aldridge, Nicolas Batum, Steve Blake",3,24,18,31,25,504,660,7,7,0,156
"21400096","DEN","Danilo Gallinari, JaVale McGee, JJ Hickson, Randy Foye, Ty Lawson",4,18,24,25,31,504,660,7,7,0,156
"21400096","POR","Chris Kaman, CJ McCollum, LaMarcus Aldridge, Steve Blake, Will Barton",4,31,25,36,27,660,720,5,2,3,60
"21400096","DEN","Danilo Gallinari, JaVale McGee, Randy Foye, Timofey Mozgov, Ty Lawson",5,25,31,27,36,660,720,2,5,-3,60
"21400096","POR","Chris Kaman, Damian Lillard, Steve Blake, Thomas Robinson, Will Barton",5,36,27,36,34,720,890,0,7,-7,170
"21400096","DEN","Danilo Gallinari, JaVale McGee, Nate Robinson, Randy Foye, Timofey Mozgov",6,27,36,34,36,720,890,7,0,7,170
"21400096","POR","Chris Kaman, Damian Lillard, Steve Blake, Thomas Robinson, Wesley Matthews",6,36,34,36,34,890,890,0,0,0,0
"21400096","DEN","Danilo Gallinari, Kenneth Faried, Nate Robinson, Randy Foye, Timofey Mozgov",7,34,36,39,44,890,1045,5,8,-3,155
"21400096","POR","Damian Lillard, Robin Lopez, Steve Blake, Thomas Robinson, Wesley Matthews",7,36,34,44,39,890,1031,8,5,3,141
"21400096","DEN","Arron Afflalo, Kenneth Faried, Nate Robinson, Randy Foye, Timofey Mozgov",8,39,44,39,44,1045,1045,0,0,0,0
"21400096","POR","Damian Lillard, LaMarcus Aldridge, Robin Lopez, Steve Blake, Wesley Matthews",8,44,39,44,39,1031,1031,0,0,0,0
"21400096","DEN","Arron Afflalo, Kenneth Faried, Nate Robinson, Timofey Mozgov, Wilson Chandler",9,39,44,43,48,1045,1105,4,4,0,60
"21400096","POR","LaMarcus Aldridge, Nicolas Batum, Robin Lopez, Steve Blake, Wesley Matthews",9,44,39,53,43,1031,1169,9,4,5,138
"21400096","DEN","Arron Afflalo, Kenneth Faried, Timofey Mozgov, Ty Lawson, Wilson Chandler",10,43,48,52,59,1105,1370,9,11,-2,265
"21400096","POR","Damian Lillard, LaMarcus Aldridge, Nicolas Batum, Robin Lopez, Wesley Matthews",10,53,43,61,56,1169,1431,8,13,-5,262
"21400096","DEN","Arron Afflalo, JaVale McGee, Timofey Mozgov, Ty Lawson, Wilson Chandler",11,52,59,56,64,1370,1440,4,5,-1,70
"21400096","POR","Chris Kaman, Damian Lillard, Nicolas Batum, Robin Lopez, Wesley Matthews",11,61,56,61,56,1431,1434,0,0,0,3
"21400096","DEN","Arron Afflalo, Kenneth Faried, Timofey Mozgov, Ty Lawson, Wilson Chandler",12,56,64,64,75,1440,1836,8,11,-3,396
"21400096","POR","Damian Lillard, LaMarcus Aldridge, Nicolas Batum, Robin Lopez, Wesley Matthews",12,61,56,75,64,1434,1836,14,8,6,402
"21400096","DEN","Kenneth Faried, Randy Foye, Timofey Mozgov, Ty Lawson, Wilson Chandler",13,64,75,64,75,1836,1836,0,0,0,0
"21400096","POR","CJ McCollum, Damian Lillard, LaMarcus Aldridge, Nicolas Batum, Robin Lopez",13,75,64,75,64,1836,1836,0,0,0,0
"21400096","DEN","JaVale McGee, Randy Foye, Timofey Mozgov, Ty Lawson, Wilson Chandler",14,64,75,67,77,1836,1959,3,2,1,123
"21400096","POR","Chris Kaman, CJ McCollum, Damian Lillard, LaMarcus Aldridge, Nicolas Batum",14,75,64,75,67,1836,1913,0,3,-3,77
"21400096","DEN","Danilo Gallinari, JaVale McGee, Randy Foye, Timofey Mozgov, Ty Lawson",15,67,77,73,85,1959,2160,6,8,-2,201
"21400096","POR","Chris Kaman, CJ McCollum, LaMarcus Aldridge, Nicolas Batum, Steve Blake",15,75,67,80,69,1913,2014,5,2,3,101
"21400096","DEN","Danilo Gallinari, JaVale McGee, JJ Hickson, Nate Robinson, Randy Foye",16,73,85,78,90,2160,2254,5,5,0,94
"21400096","POR","Chris Kaman, CJ McCollum, LaMarcus Aldridge, Steve Blake, Wesley Matthews",16,80,69,85,73,2014,2160,5,4,1,146
"21400096","DEN","Danilo Gallinari, JJ Hickson, Kenneth Faried, Nate Robinson, Randy Foye",17,78,90,79,93,2254,2355,1,3,-2,101
"21400096","POR","Chris Kaman, CJ McCollum, Joel Freeland, Steve Blake, Wesley Matthews",17,85,73,93,79,2160,2355,8,6,2,195
"21400096","DEN","Danilo Gallinari, JJ Hickson, Kenneth Faried, Nate Robinson, Ty Lawson",18,79,93,90,100,2355,2626,11,7,4,271
"21400096","POR","Chris Kaman, Damian Lillard, Joel Freeland, Steve Blake, Wesley Matthews",18,93,79,93,79,2355,2355,0,0,0,0
"21400096","DEN","JJ Hickson, Kenneth Faried, Nate Robinson, Ty Lawson, Wilson Chandler",19,90,100,90,100,2626,2626,0,0,0,0
"21400096","POR","Chris Kaman, Damian Lillard, Joel Freeland, Nicolas Batum, Steve Blake",19,93,79,96,85,2355,2447,3,6,-3,92
"21400096","DEN","Arron Afflalo, JJ Hickson, Kenneth Faried, Ty Lawson, Wilson Chandler",20,90,100,94,104,2626,2711,4,4,0,85
"21400096","POR","Damian Lillard, Joel Freeland, Nicolas Batum, Robin Lopez, Steve Blake",20,96,85,96,88,2447,2494,0,3,-3,47
"21400096","DEN","Arron Afflalo, Kenneth Faried, Timofey Mozgov, Ty Lawson, Wilson Chandler",21,94,104,100,116,2711,2880,6,12,-6,169
"21400096","POR","Damian Lillard, LaMarcus Aldridge, Nicolas Batum, Robin Lopez, Steve Blake",21,96,88,98,88,2494,2533,2,0,2,39
"21400096","POR","Damian Lillard, LaMarcus Aldridge, Nicolas Batum, Robin Lopez, Wesley Matthews",22,98,88,111,98,2533,2820,13,10,3,287
"21400096","POR","CJ McCollum, Damian Lillard, LaMarcus Aldridge, Robin Lopez, Wesley Matthews",23,111,98,111,98,2820,2820,0,0,0,0
"21400096","POR","CJ McCollum, Damian Lillard, Joel Freeland, Robin Lopez, Wesley Matthews",24,111,98,111,98,2820,2820,0,0,0,0
"21400096","POR","CJ McCollum, Damian Lillard, Joel Freeland, Meyers Leonard, Wesley Matthews",25,111,98,111,98,2820,2820,0,0,0,0
"21400096","POR","CJ McCollum, Damian Lillard, Joel Freeland, Meyers Leonard, Steve Blake",26,111,98,111,98,2820,2820,0,0,0,0
"21400096","POR","CJ McCollum, Joel Freeland, Meyers Leonard, Steve Blake, Will Barton",27,111,98,116,100,2820,2880,5,2,3,60
"21400097","CHA","Al Jefferson, Kemba Walker, Lance Stephenson, Marvin Williams, Michael Kidd-Gilchrist",0,0,0,17,14,0,519,17,14,3,519
"21400097","LAL","Carlos Boozer, Jeremy Lin, Jordan Hill, Kobe Bryant, Wesley Johnson",0,0,0,14,17,0,519,14,17,-3,519
"21400097","CHA","Al Jefferson, Kemba Walker, Lance Stephenson, Marvin Williams, PJ Hairston",1,17,14,17,14,519,519,0,0,0,0
"21400097","LAL","Carlos Boozer, Jeremy Lin, Kobe Bryant, Ronnie Price, Wesley Johnson",1,14,17,14,17,519,519,0,0,0,0
"21400097","CHA","Al Jefferson, Cody Zeller, Kemba Walker, Lance Stephenson, PJ Hairston",2,17,14,17,14,519,519,0,0,0,0
"21400097","LAL","Carlos Boozer, Ed Davis, Kobe Bryant, Ronnie Price, Wesley Johnson",2,14,17,16,23,519,622,2,6,-4,103
"21400097","CHA","Cody Zeller, Jason Maxiell, Kemba Walker, Lance Stephenson, PJ Hairston",3,17,14,23,16,519,630,6,2,4,111
"21400097","LAL","Carlos Boozer, Ed Davis, Kobe Bryant, Ronnie Price, Wayne Ellington",3,16,23,18,25,622,720,2,2,0,98
"21400097","CHA","Cody Zeller, Gary Neal, Jason Maxiell, Kemba Walker, PJ Hairston",4,23,16,25,18,630,720,2,2,0,90
"21400097","LAL","Ed Davis, Robert Sacre, Ronnie Price, Wayne Ellington, Xavier Henry",4,18,25,28,33,720,1035,10,8,2,315
"21400097","CHA","Brian Roberts, Cody Zeller, Gary Neal, Jason Maxiell, PJ Hairston",5,25,18,31,26,720,951,6,8,-2,231
"21400097","LAL","Robert Sacre, Ronnie Price, Wayne Ellington, Wesley Johnson, Xavier Henry",5,28,33,28,33,1035,1035,0,0,0,0
"21400097","CHA","Brian Roberts, Cody Zeller, Gary Neal, Jason Maxiell, Lance Stephenson",6,31,26,31,26,951,951,0,0,0,0
"21400097","LAL","Kobe Bryant, Robert Sacre, Ronnie Price, Wayne Ellington, Wesley Johnson",6,28,33,28,33,1035,1035,0,0,0,0
"21400097","CHA","Brian Roberts, Gary Neal, Jason Maxiell, Lance Stephenson, Marvin Williams",7,31,26,33,28,951,1035,2,2,0,84
"21400097","LAL","Jordan Hill, Kobe Bryant, Ronnie Price, Wayne Ellington, Wesley Johnson",7,28,33,28,33,1035,1068,0,0,0,33
"21400097","CHA","Al Jefferson, Brian Roberts, Gary Neal, Lance Stephenson, Marvin Williams",8,33,28,33,28,1035,1068,0,0,0,33
"21400097","LAL","Jeremy Lin, Jordan Hill, Kobe Bryant, Wayne Ellington, Wesley Johnson",8,28,33,32,35,1068,1191,4,2,2,123
"21400097","CHA","Al Jefferson, Brian Roberts, Kemba Walker, Lance Stephenson, Marvin Williams",9,33,28,33,28,1068,1068,0,0,0,0
"21400097","LAL","Carlos Boozer, Jeremy Lin, Jordan Hill, Kobe Bryant, Wesley Johnson",9,32,35,57,59,1191,1803,25,24,1,612
"21400097","CHA","Al Jefferson, Kemba Walker, Lance Stephenson, Marvin Williams, Michael Kidd-Gilchrist",10,33,28,35,32,1068,1191,2,4,-2,123
"21400097","LAL","Carlos Boozer, Ed Davis, Jeremy Lin, Kobe Bryant, Wesley Johnson",10,57,59,67,61,1803,1948,10,2,8,145
"21400097","CHA","Al Jefferson, Gary Neal, Kemba Walker, Lance Stephenson, Marvin Williams",11,35,32,51,42,1191,1440,16,10,6,249
"21400097","LAL","Carlos Boozer, Ed Davis, Jeremy Lin, Kobe Bryant, Wayne Ellington",11,67,61,69,63,1948,2022,2,2,0,74
"21400097","CHA","Al Jefferson, Kemba Walker, Lance Stephenson, Marvin Williams, Michael Kidd-Gilchrist",12,51,42,59,59,1440,1831,8,17,-9,391
"21400097","LAL","Carlos Boozer, Ed Davis, Jeremy Lin, Ronnie Price, Wayne Ellington",12,69,63,69,63,2022,2022,0,0,0,0
"21400097","CHA","Al Jefferson, Cody Zeller, Kemba Walker, Lance Stephenson, Michael Kidd-Gilchrist",13,59,59,61,67,1831,1948,2,8,-6,117
"21400097","LAL","Ed Davis, Jeremy Lin, Robert Sacre, Ronnie Price, Wayne Ellington",13,69,63,76,64,2022,2160,7,1,6,138
"21400097","CHA","Al Jefferson, Cody Zeller, Gary Neal, Kemba Walker, Michael Kidd-Gilchrist",14,61,67,63,69,1948,2022,2,2,0,74
"21400097","LAL","Ed Davis, Robert Sacre, Ronnie Price, Wayne Ellington, Wesley Johnson",14,76,64,79,68,2160,2262,3,4,-1,102
"21400097","CHA","Al Jefferson, Cody Zeller, Gary Neal, Kemba Walker, Lance Stephenson",15,63,69,64,74,2022,2072,1,5,-4,50
"21400097","LAL","Ed Davis, Jordan Hill, Ronnie Price, Wayne Ellington, Wesley Johnson",15,79,68,85,73,2262,2403,6,5,1,141
"21400097","CHA","Al Jefferson, Brian Roberts, Cody Zeller, Gary Neal, Lance Stephenson",16,64,74,64,76,2072,2160,0,2,-2,88
"21400097","LAL","Ed Davis, Jordan Hill, Kobe Bryant, Wayne Ellington, Wesley Johnson",16,85,73,85,73,2403,2403,0,0,0,0
"21400097","CHA","Brian Roberts, Cody Zeller, Gary Neal, Jason Maxiell, Lance Stephenson",17,64,76,68,79,2160,2290,4,3,1,130
"21400097","LAL","Ed Davis, Jeremy Lin, Jordan Hill, Kobe Bryant, Wesley Johnson",17,85,73,89,77,2403,2490,4,4,0,87
"21400097","CHA","Brian Roberts, Gary Neal, Jason Maxiell, Lance Stephenson, Marvin Williams",18,68,79,71,79,2290,2336,3,0,3,46
"21400097","LAL","Carlos Boozer, Jeremy Lin, Jordan Hill, Kobe Bryant, Wesley Johnson",18,89,77,101,86,2490,2753,12,9,3,263
"21400097","CHA","Al Jefferson, Brian Roberts, Gary Neal, Lance Stephenson, Marvin Williams",19,71,79,73,85,2336,2403,2,6,-4,67
"21400097","LAL","Carlos Boozer, Jeremy Lin, Jordan Hill, Kobe Bryant, Wayne Ellington",19,101,86,101,86,2753,2753,0,0,0,0
"21400097","CHA","Al Jefferson, Gary Neal, Kemba Walker, Lance Stephenson, Marvin Williams",20,73,85,77,89,2403,2490,4,4,0,87
"21400097","LAL","Jeremy Lin, Jordan Hill, Kobe Bryant, Ronnie Price, Wayne Ellington",20,101,86,101,86,2753,2753,0,0,0,0
"21400097","CHA","Al Jefferson, Gary Neal, Kemba Walker, Marvin Williams, Michael Kidd-Gilchrist",21,77,89,82,96,2490,2649,5,7,-2,159
"21400097","LAL","Jeremy Lin, Kobe Bryant, Robert Sacre, Ronnie Price, Wayne Ellington",21,101,86,101,86,2753,2753,0,0,0,0
"21400097","CHA","Al Jefferson, Cody Zeller, Gary Neal, Kemba Walker, Michael Kidd-Gilchrist",22,82,96,86,101,2649,2719,4,5,-1,70
"21400097","LAL","Jeremy Lin, Robert Sacre, Ronnie Price, Wayne Ellington, Xavier Henry",22,101,86,101,86,2753,2753,0,0,0,0
"21400097","CHA","Al Jefferson, Cody Zeller, Gary Neal, Gerald Henderson, Kemba Walker",23,86,101,86,101,2719,2719,0,0,0,0
"21400097","LAL","Ed Davis, Robert Sacre, Ronnie Price, Wayne Ellington, Xavier Henry",23,101,86,107,92,2753,2880,6,6,0,127
"21400097","CHA","Cody Zeller, Gary Neal, Gerald Henderson, Jannero Pargo, Kemba Walker",24,86,101,86,101,2719,2719,0,0,0,0
"21400097","CHA","Cody Zeller, Gary Neal, Gerald Henderson, Jannero Pargo, PJ Hairston",25,86,101,86,101,2719,2719,0,0,0,0
"21400097","CHA","Bismack Biyombo, Cody Zeller, Gerald Henderson, Jannero Pargo, PJ Hairston",26,86,101,92,107,2719,2880,6,6,0,161
"21400098","CLE","Anderson Varejao, Kevin Love, Kyrie Irving, LeBron James, Shawn Marion",0,0,0,13,10,0,373,13,10,3,373
"21400098","NOP","Anthony Davis, Eric Gordon, Jrue Holiday, Omer Asik, Tyreke Evans",0,0,0,8,11,0,323,8,11,-3,323
"21400098","CLE","Anderson Varejao, Kevin Love, Kyrie Irving, LeBron James, Mike Miller",1,13,10,13,16,373,400,0,6,-6,27
"21400098","NOP","Anthony Davis, Eric Gordon, Jrue Holiday, Ryan Anderson, Tyreke Evans",1,8,11,18,18,323,471,10,7,3,148
"21400098","CLE","Anderson Varejao, Kevin Love, LeBron James, Mike Miller, Shawn Marion",2,13,16,18,18,400,471,5,2,3,71
"21400098","NOP","Anthony Davis, Austin Rivers, Jrue Holiday, Ryan Anderson, Tyreke Evans",2,18,18,28,24,471,688,10,6,4,217
"21400098","CLE","Anderson Varejao, Kyrie Irving, LeBron James, Mike Miller, Shawn Marion",3,18,18,18,18,471,471,0,0,0,0
"21400098","NOP","Anthony Davis, Austin Rivers, John Salmons, Jrue Holiday, Ryan Anderson",3,28,24,28,24,688,688,0,0,0,0
"21400098","CLE","Kyrie Irving, LeBron James, Mike Miller, Shawn Marion, Tristan Thompson",4,18,18,24,28,471,720,6,10,-4,249
"21400098","NOP","Anthony Davis, Austin Rivers, Jimmer Fredette, John Salmons, Ryan Anderson",4,28,24,28,24,688,720,0,0,0,32
"21400098","CLE","Kevin Love, Kyrie Irving, Mike Miller, Shawn Marion, Tristan Thompson",5,24,28,28,38,720,919,4,10,-6,199
"21400098","NOP","Austin Rivers, Jimmer Fredette, John Salmons, Omer Asik, Ryan Anderson",5,28,24,42,37,720,1107,14,13,1,387
"21400098","CLE","Kevin Love, Kyrie Irving, LeBron James, Mike Miller, Tristan Thompson",6,28,38,32,42,919,1012,4,4,0,93
"21400098","NOP","Austin Rivers, Eric Gordon, Jimmer Fredette, John Salmons, Omer Asik",6,42,37,42,37,1107,1107,0,0,0,0
"21400098","CLE","Joe Harris, Kevin Love, Kyrie Irving, LeBron James, Tristan Thompson",7,32,42,32,42,1012,1012,0,0,0,0
"21400098","NOP","Eric Gordon, Jimmer Fredette, John Salmons, Jrue Holiday, Omer Asik",7,42,37,42,37,1107,1107,0,0,0,0
"21400098","CLE","Anderson Varejao, Joe Harris, Kevin Love, Kyrie Irving, LeBron James",8,32,42,32,42,1012,1060,0,0,0,48
"21400098","NOP","Anthony Davis, Eric Gordon, John Salmons, Jrue Holiday, Omer Asik",8,42,37,42,38,1107,1134,0,1,-1,27
"21400098","CLE","Anderson Varejao, Joe Harris, Kevin Love, LeBron James, Will Cherry",9,32,42,42,49,1060,1280,10,7,3,220
"21400098","NOP","Anthony Davis, Eric Gordon, John Salmons, Jrue Holiday, Ryan Anderson",9,42,38,47,38,1134,1190,5,0,5,56
"21400098","CLE","Anderson Varejao, Joe Harris, Kevin Love, Kyrie Irving, LeBron James",10,42,49,51,56,1280,1440,9,7,2,160
"21400098","NOP","Anthony Davis, Eric Gordon, Jrue Holiday, Ryan Anderson, Tyreke Evans",10,47,38,49,46,1190,1340,2,8,-6,150
"21400098","CLE","Anderson Varejao, Kevin Love, Kyrie Irving, LeBron James, Shawn Marion",11,51,56,64,71,1440,1741,13,15,-2,301
"21400098","NOP","Anthony Davis, Austin Rivers, Eric Gordon, Jrue Holiday, Ryan Anderson",11,49,46,56,51,1340,1440,7,5,2,100
"21400098","CLE","Anderson Varejao, Joe Harris, Kevin Love, Kyrie Irving, LeBron James",12,64,71,69,76,1741,1854,5,5,0,113
"21400098","NOP","Anthony Davis, Eric Gordon, Jrue Holiday, Omer Asik, Tyreke Evans",12,56,51,78,73,1440,1925,22,22,0,485
"21400098","CLE","Joe Harris, Kevin Love, Kyrie Irving, LeBron James, Tristan Thompson",13,69,76,69,78,1854,1882,0,2,-2,28
"21400098","NOP","Anthony Davis, Eric Gordon, Jrue Holiday, Ryan Anderson, Tyreke Evans",13,78,73,79,78,1925,2010,1,5,-4,85
"21400098","CLE","Joe Harris, Kyrie Irving, LeBron James, Shawn Marion, Tristan Thompson",14,69,78,81,79,1882,2100,12,1,11,218
"21400098","NOP","Anthony Davis, Austin Rivers, Eric Gordon, Jrue Holiday, Ryan Anderson",14,79,78,79,78,2010,2051,0,0,0,41
"21400098","CLE","Joe Harris, LeBron James, Mike Miller, Shawn Marion, Tristan Thompson",15,81,79,85,81,2100,2189,4,2,2,89
"21400098","NOP","Anthony Davis, Austin Rivers, Eric Gordon, Jimmer Fredette, Ryan Anderson",15,79,78,79,81,2051,2100,0,3,-3,49
"21400098","CLE","Joe Harris, Kyrie Irving, Mike Miller, Shawn Marion, Tristan Thompson",16,85,81,85,81,2189,2189,0,0,0,0
"21400098","NOP","Austin Rivers, Eric Gordon, Jimmer Fredette, Omer Asik, Ryan Anderson",16,79,81,79,81,2100,2100,0,0,0,0
"21400098","CLE","Kevin Love, Kyrie Irving, Mike Miller, Shawn Marion, Tristan Thompson",17,85,81,94,89,2189,2432,9,8,1,243
"21400098","NOP","Austin Rivers, Jimmer Fredette, John Salmons, Omer Asik, Ryan Anderson",17,79,81,81,85,2100,2201,2,4,-2,101
"21400098","CLE","Kevin Love, LeBron James, Mike Miller, Shawn Marion, Tristan Thompson",18,94,89,96,93,2432,2493,2,4,-2,61
"21400098","NOP","Anthony Davis, Austin Rivers, Jimmer Fredette, Omer Asik, Ryan Anderson",18,81,85,83,91,2201,2290,2,6,-4,89
"21400098","CLE","Kevin Love, Kyrie Irving, LeBron James, Mike Miller, Tristan Thompson",19,96,93,98,93,2493,2545,2,0,2,52
"21400098","NOP","Anthony Davis, Austin Rivers, Jrue Holiday, Omer Asik, Ryan Anderson",19,83,91,89,94,2290,2432,6,3,3,142
"21400098","CLE","Joe Harris, Kevin Love, Kyrie Irving, LeBron James, Tristan Thompson",20,98,93,115,106,2545,2854,17,13,4,309
"21400098","NOP","Anthony Davis, Austin Rivers, Eric Gordon, Jrue Holiday, Ryan Anderson",20,89,94,89,94,2432,2432,0,0,0,0
"21400098","CLE","Joe Harris, Kevin Love, Kyrie Irving, Mike Miller, Tristan Thompson",21,115,106,117,108,2854,2864,2,2,0,10
"21400098","NOP","Anthony Davis, Eric Gordon, Jrue Holiday, Ryan Anderson, Tyreke Evans",21,89,94,106,115,2432,2854,17,21,-4,422
"21400098","CLE","Alex Kirk, Joe Harris, Kyrie Irving, Mike Miller, Tristan Thompson",22,117,108,117,108,2864,2864,0,0,0,0
"21400098","NOP","Anthony Davis, Austin Rivers, Eric Gordon, Jrue Holiday, Ryan Anderson",22,106,115,111,118,2854,2880,5,3,2,26
"21400098","CLE","Alex Kirk, Joe Harris, Mike Miller, Tristan Thompson, Will Cherry",23,117,108,117,111,2864,2867,0,3,-3,3
"21400098","CLE","Alex Kirk, Joe Harris, Kyrie Irving, Mike Miller, Will Cherry",24,117,111,117,111,2867,2867,0,0,0,0
"21400098","CLE","Alex Kirk, Joe Harris, Kyrie Irving, LeBron James, Mike Miller",25,117,111,117,111,2867,2867,0,0,0,0
"21400098","CLE","Joe Harris, Kevin Love, Kyrie Irving, LeBron James, Mike Miller",26,117,111,118,111,2867,2880,1,0,1,13
"21400099","IND","Chris Copeland, Donald Sloan, Luis Scola, Roy Hibbert, Solomon Hill",0,0,0,14,8,0,409,14,8,6,409
"21400099","UTA","Alec Burks, Derrick Favors, Enes Kanter, Gordon Hayward, Trey Burke",0,0,0,8,11,0,385,8,11,-3,385
"21400099","IND","Donald Sloan, Lavoy Allen, Luis Scola, Roy Hibbert, Solomon Hill",1,14,8,14,8,409,409,0,0,0,0
"21400099","UTA","Alec Burks, Dante Exum, Derrick Favors, Enes Kanter, Trey Burke",1,8,11,9,14,385,464,1,3,-2,79
"21400099","IND","Damjan Rudez, Donald Sloan, Lavoy Allen, Roy Hibbert, Solomon Hill",2,14,8,17,11,409,559,3,3,0,150
"21400099","UTA","Alec Burks, Dante Exum, Derrick Favors, Trevor Booker, Trey Burke",2,9,14,11,17,464,559,2,3,-1,95
"21400099","IND","AJ Price, Damjan Rudez, Donald Sloan, Lavoy Allen, Roy Hibbert",3,17,11,20,17,559,698,3,6,-3,139
"21400099","UTA","Alec Burks, Dante Exum, Rudy Gobert, Trevor Booker, Trey Burke",3,11,17,11,17,559,559,0,0,0,0
"21400099","IND","AJ Price, Chris Copeland, Damjan Rudez, Lavoy Allen, Roy Hibbert",4,20,17,20,17,698,720,0,0,0,22
"21400099","UTA","Alec Burks, Dante Exum, Joe Ingles, Rudy Gobert, Trevor Booker",4,11,17,17,20,559,720,6,3,3,161
"21400099","IND","AJ Price, Chris Copeland, Damjan Rudez, Ian Mahinmi, Lavoy Allen",5,20,17,23,17,720,843,3,0,3,123
"21400099","UTA","Dante Exum, Gordon Hayward, Joe Ingles, Rudy Gobert, Trevor Booker",5,17,20,19,23,720,891,2,3,-1,171
"21400099","IND","AJ Price, Chris Copeland, Damjan Rudez, Lavoy Allen, Luis Scola",6,23,17,25,25,843,1005,2,8,-6,162
"21400099","UTA","Gordon Hayward, Joe Ingles, Rudy Gobert, Trevor Booker, Trey Burke",6,19,23,21,23,891,941,2,0,2,50
"21400099","IND","AJ Price, Damjan Rudez, Lavoy Allen, Luis Scola, Solomon Hill",7,25,25,29,27,1005,1093,4,2,2,88
"21400099","UTA","Derrick Favors, Gordon Hayward, Joe Ingles, Rudy Gobert, Trey Burke",7,21,23,21,23,941,941,0,0,0,0
"21400099","IND","AJ Price, Damjan Rudez, Luis Scola, Roy Hibbert, Solomon Hill",8,29,27,33,29,1093,1154,4,2,2,61
"21400099","UTA","Derrick Favors, Enes Kanter, Gordon Hayward, Joe Ingles, Trey Burke",8,21,23,27,27,941,1061,6,4,2,120
"21400099","IND","AJ Price, Chris Copeland, Luis Scola, Roy Hibbert, Solomon Hill",9,33,29,39,36,1154,1297,6,7,-1,143
"21400099","UTA","Alec Burks, Derrick Favors, Enes Kanter, Gordon Hayward, Trey Burke",9,27,27,33,37,1061,1235,6,10,-4,174
"21400099","IND","Chris Copeland, Donald Sloan, Luis Scola, Roy Hibbert, Solomon Hill",10,39,36,63,61,1297,1915,24,25,-1,618
"21400099","UTA","Alec Burks, Derrick Favors, Enes Kanter, Joe Ingles, Trey Burke",10,33,37,36,39,1235,1297,3,2,1,62
"21400099","IND","Chris Copeland, Donald Sloan, Lavoy Allen, Roy Hibbert, Solomon Hill",11,63,61,63,61,1915,1915,0,0,0,0
"21400099","UTA","Alec Burks, Derrick Favors, Gordon Hayward, Joe Ingles, Trey Burke",11,36,39,36,39,1297,1297,0,0,0,0
"21400099","IND","Damjan Rudez, Donald Sloan, Lavoy Allen, Roy Hibbert, Solomon Hill",12,63,61,63,63,1915,1982,0,2,-2,67
"21400099","UTA","Alec Burks, Derrick Favors, Gordon Hayward, Trevor Booker, Trey Burke",12,36,39,43,39,1297,1372,7,0,7,75
"21400099","IND","AJ Price, Damjan Rudez, Lavoy Allen, Roy Hibbert, Solomon Hill",13,63,63,67,65,1982,2068,4,2,2,86
"21400099","UTA","Alec Burks, Derrick Favors, Enes Kanter, Gordon Hayward, Trey Burke",13,43,39,45,41,1372,1428,2,2,0,56
"21400099","IND","AJ Price, Damjan Rudez, Ian Mahinmi, Lavoy Allen, Solomon Hill",14,67,65,69,72,2068,2160,2,7,-5,92
"21400099","UTA","Alec Burks, Derrick Favors, Gordon Hayward, Jeremy Evans, Trey Burke",14,45,41,47,41,1428,1440,2,0,2,12
"21400099","IND","AJ Price, Chris Copeland, Damjan Rudez, Ian Mahinmi, Lavoy Allen",15,69,72,72,72,2160,2236,3,0,3,76
"21400099","UTA","Alec Burks, Derrick Favors, Enes Kanter, Gordon Hayward, Trey Burke",15,47,41,55,60,1440,1829,8,19,-11,389
"21400099","IND","AJ Price, Damjan Rudez, Donald Sloan, Ian Mahinmi, Lavoy Allen",16,72,72,77,82,2236,2391,5,10,-5,155
"21400099","UTA","Derrick Favors, Enes Kanter, Gordon Hayward, Joe Ingles, Trey Burke",16,55,60,61,63,1829,1915,6,3,3,86
"21400099","IND","AJ Price, Damjan Rudez, Ian Mahinmi, Lavoy Allen, Solomon Hill",17,77,82,79,87,2391,2544,2,5,-3,153
"21400099","UTA","Derrick Favors, Gordon Hayward, Joe Ingles, Trevor Booker, Trey Burke",17,61,63,63,63,1915,1982,2,0,2,67
"21400099","IND","Damjan Rudez, Donald Sloan, Ian Mahinmi, Lavoy Allen, Solomon Hill",18,79,87,79,87,2544,2544,0,0,0,0
"21400099","UTA","Dante Exum, Gordon Hayward, Joe Ingles, Trevor Booker, Trey Burke",18,63,63,63,63,1982,1982,0,0,0,0
"21400099","IND","Damjan Rudez, Donald Sloan, Lavoy Allen, Roy Hibbert, Solomon Hill",19,79,87,82,87,2544,2695,3,0,3,151
"21400099","UTA","Dante Exum, Gordon Hayward, Joe Ingles, Rudy Gobert, Trevor Booker",19,63,63,65,67,1982,2075,2,4,-2,93
"21400099","IND","AJ Price, Damjan Rudez, Lavoy Allen, Roy Hibbert, Solomon Hill",20,82,87,86,93,2695,2833,4,6,-2,138
"21400099","UTA","Alec Burks, Dante Exum, Joe Ingles, Rudy Gobert, Trevor Booker",20,65,67,72,69,2075,2160,7,2,5,85
"21400099","IND","AJ Price, Damjan Rudez, Donald Sloan, Roy Hibbert, Solomon Hill",21,86,93,86,93,2833,2845,0,0,0,12
"21400099","UTA","Alec Burks, Dante Exum, Rudy Gobert, Trevor Booker, Trey Burke",21,72,69,82,77,2160,2391,10,8,2,231
"21400099","IND","AJ Price, Damjan Rudez, Donald Sloan, Lavoy Allen, Solomon Hill",22,86,93,86,97,2845,2880,0,4,-4,35
"21400099","UTA","Alec Burks, Derrick Favors, Rudy Gobert, Trevor Booker, Trey Burke",22,82,77,82,77,2391,2391,0,0,0,0
"21400099","UTA","Alec Burks, Derrick Favors, Gordon Hayward, Trevor Booker, Trey Burke",23,82,77,84,77,2391,2458,2,0,2,67
"21400099","UTA","Alec Burks, Dante Exum, Derrick Favors, Gordon Hayward, Trevor Booker",24,84,77,87,79,2458,2544,3,2,1,86
"21400099","UTA","Alec Burks, Dante Exum, Derrick Favors, Enes Kanter, Gordon Hayward",25,87,79,87,82,2544,2695,0,3,-3,151
"21400099","UTA","Alec Burks, Dante Exum, Derrick Favors, Gordon Hayward, Trey Burke",26,87,82,87,82,2695,2695,0,0,0,0
"21400099","UTA","Alec Burks, Derrick Favors, Gordon Hayward, Trevor Booker, Trey Burke",27,87,82,95,86,2695,2848,8,4,4,153
"21400099","UTA","Alec Burks, Derrick Favors, Gordon Hayward, Steve Novak, Trey Burke",28,95,86,97,86,2848,2880,2,0,2,32
"21400100","ATL","Al Horford, DeMarre Carroll, Jeff Teague, Kyle Korver, Paul Millsap",0,0,0,10,9,0,402,10,9,1,402
"21400100","NYK","Carmelo Anthony, Iman Shumpert, Samuel Dalembert, Shane Larkin, Tim Hardaway Jr.",0,0,0,9,10,0,402,9,10,-1,402
"21400100","ATL","DeMarre Carroll, Jeff Teague, Kyle Korver, Paul Millsap, Pero Antic",1,10,9,14,9,402,462,4,0,4,60
"21400100","NYK","Amar'e Stoudemire, Carmelo Anthony, Iman Shumpert, Shane Larkin, Tim Hardaway Jr.",1,9,10,9,10,402,402,0,0,0,0
"21400100","ATL","DeMarre Carroll, Jeff Teague, Paul Millsap, Pero Antic, Thabo Sefolosha",2,14,9,14,9,462,462,0,0,0,0
"21400100","NYK","Amar'e Stoudemire, Carmelo Anthony, Iman Shumpert, JR Smith, Shane Larkin",2,9,10,9,10,402,402,0,0,0,0
"21400100","ATL","DeMarre Carroll, Dennis Schroder, Paul Millsap, Pero Antic, Thabo Sefolosha",3,14,9,16,17,462,637,2,8,-6,175
"21400100","NYK","Amar'e Stoudemire, Carmelo Anthony, Iman Shumpert, JR Smith, Pablo Prigioni",3,9,10,9,14,402,523,0,4,-4,121
"21400100","ATL","DeMarre Carroll, Dennis Schroder, Mike Scott, Pero Antic, Thabo Sefolosha",4,16,17,16,17,637,637,0,0,0,0
"21400100","NYK","Amar'e Stoudemire, Carmelo Anthony, Cleanthony Early, JR Smith, Pablo Prigioni",4,9,14,17,16,523,637,8,2,6,114
"21400100","ATL","Dennis Schroder, Kyle Korver, Mike Scott, Pero Antic, Thabo Sefolosha",5,16,17,16,17,637,637,0,0,0,0
"21400100","NYK","Amar'e Stoudemire, Cleanthony Early, Jason Smith, JR Smith, Pablo Prigioni",5,17,16,19,23,637,895,2,7,-5,258
"21400100","ATL","Al Horford, Dennis Schroder, Kyle Korver, Mike Scott, Thabo Sefolosha",6,16,17,25,23,637,1026,9,6,3,389
"21400100","NYK","Cleanthony Early, Jason Smith, JR Smith, Pablo Prigioni, Samuel Dalembert",6,19,23,23,25,895,1026,4,2,2,131
"21400100","ATL","Dennis Schroder, Kyle Korver, Mike Scott, Paul Millsap, Thabo Sefolosha",7,25,23,25,23,1026,1026,0,0,0,0
"21400100","NYK","Carmelo Anthony, Cleanthony Early, Jason Smith, JR Smith, Samuel Dalembert",7,23,25,23,25,1026,1026,0,0,0,0
"21400100","ATL","DeMarre Carroll, Dennis Schroder, Mike Scott, Paul Millsap, Thabo Sefolosha",8,25,23,25,23,1026,1026,0,0,0,0
"21400100","NYK","Carmelo Anthony, Cleanthony Early, Jason Smith, Samuel Dalembert, Shane Larkin",8,23,25,23,25,1026,1026,0,0,0,0
"21400100","ATL","DeMarre Carroll, Dennis Schroder, Mike Scott, Paul Millsap, Pero Antic",9,25,23,25,23,1026,1026,0,0,0,0
"21400100","NYK","Carmelo Anthony, Iman Shumpert, Jason Smith, Samuel Dalembert, Shane Larkin",9,23,25,25,25,1026,1077,2,0,2,51
"21400100","ATL","DeMarre Carroll, Dennis Schroder, Jeff Teague, Paul Millsap, Pero Antic",10,25,23,34,36,1026,1347,9,13,-4,321
"21400100","NYK","Carmelo Anthony, Iman Shumpert, Samuel Dalembert, Shane Larkin, Tim Hardaway Jr.",10,25,25,28,29,1077,1212,3,4,-1,135
"21400100","ATL","Al Horford, DeMarre Carroll, Dennis Schroder, Jeff Teague, Paul Millsap",11,34,36,34,36,1347,1347,0,0,0,0
"21400100","NYK","Carmelo Anthony, Iman Shumpert, Jason Smith, Shane Larkin, Tim Hardaway Jr.",11,28,29,36,34,1212,1347,8,5,3,135
"21400100","ATL","Al Horford, DeMarre Carroll, Jeff Teague, Kyle Korver, Paul Millsap",12,34,36,38,38,1347,1427,4,2,2,80
"21400100","NYK","Carmelo Anthony, Iman Shumpert, Jason Smith, Pablo Prigioni, Tim Hardaway Jr.",12,36,34,38,38,1347,1440,2,4,-2,93
"21400100","ATL","Al Horford, DeMarre Carroll, Dennis Schroder, Jeff Teague, Paul Millsap",13,38,38,38,38,1427,1427,0,0,0,0
"21400100","NYK","Carmelo Anthony, Iman Shumpert, Samuel Dalembert, Shane Larkin, Tim Hardaway Jr.",13,38,38,44,49,1440,1686,6,11,-5,246
"21400100","ATL","Al Horford, DeMarre Carroll, Dennis Schroder, Paul Millsap, Thabo Sefolosha",14,38,38,38,38,1427,1440,0,0,0,13
"21400100","NYK","Amar'e Stoudemire, Carmelo Anthony, Iman Shumpert, Shane Larkin, Tim Hardaway Jr.",14,44,49,53,51,1686,1814,9,2,7,128
"21400100","ATL","Al Horford, DeMarre Carroll, Jeff Teague, Kyle Korver, Paul Millsap",15,38,38,54,58,1440,1870,16,20,-4,430
"21400100","NYK","Amar'e Stoudemire, Carmelo Anthony, Iman Shumpert, Pablo Prigioni, Tim Hardaway Jr.",15,53,51,58,54,1814,1870,5,3,2,56
"21400100","ATL","DeMarre Carroll, Jeff Teague, Kyle Korver, Paul Millsap, Pero Antic",16,54,58,54,58,1870,1900,0,0,0,30
"21400100","NYK","Amar'e Stoudemire, Carmelo Anthony, JR Smith, Pablo Prigioni, Tim Hardaway Jr.",16,58,54,60,57,1870,1957,2,3,-1,87
"21400100","ATL","DeMarre Carroll, Jeff Teague, Paul Millsap, Pero Antic, Thabo Sefolosha",17,54,58,56,60,1900,1950,2,2,0,50
"21400100","NYK","Amar'e Stoudemire, Carmelo Anthony, Jason Smith, JR Smith, Pablo Prigioni",17,60,57,72,67,1957,2421,12,10,2,464
"21400100","ATL","DeMarre Carroll, Dennis Schroder, Paul Millsap, Pero Antic, Thabo Sefolosha",18,56,60,57,60,1950,1957,1,0,1,7
"21400100","NYK","Amar'e Stoudemire, Carmelo Anthony, Iman Shumpert, Jason Smith, JR Smith",18,72,67,72,67,2421,2421,0,0,0,0
"21400100","ATL","DeMarre Carroll, Dennis Schroder, Mike Scott, Pero Antic, Thabo Sefolosha",19,57,60,59,64,1957,2092,2,4,-2,135
"21400100","NYK","Amar'e Stoudemire, Carmelo Anthony, Iman Shumpert, JR Smith, Shane Larkin",19,72,67,75,74,2421,2717,3,7,-4,296
"21400100","ATL","Dennis Schroder, Kyle Korver, Mike Scott, Pero Antic, Thabo Sefolosha",20,59,64,59,64,2092,2156,0,0,0,64
"21400100","NYK","Carmelo Anthony, Iman Shumpert, Jason Smith, JR Smith, Shane Larkin",20,75,74,81,74,2717,2821,6,0,6,104
"21400100","ATL","DeMarre Carroll, Dennis Schroder, Mike Scott, Pero Antic, Thabo Sefolosha",21,59,64,59,64,2156,2160,0,0,0,4
"21400100","NYK","Carmelo Anthony, Iman Shumpert, Jason Smith, JR Smith, Tim Hardaway Jr.",21,81,74,81,76,2821,2825,0,2,-2,4
"21400100","ATL","Al Horford, Dennis Schroder, Kyle Korver, Mike Scott, Thabo Sefolosha",22,59,64,67,72,2160,2421,8,8,0,261
"21400100","NYK","Amar'e Stoudemire, Carmelo Anthony, Iman Shumpert, JR Smith, Tim Hardaway Jr.",22,81,76,85,80,2825,2863,4,4,0,38
"21400100","ATL","Al Horford, DeMarre Carroll, Dennis Schroder, Mike Scott, Thabo Sefolosha",23,67,72,67,72,2421,2421,0,0,0,0
"21400100","NYK","Carmelo Anthony, Cleanthony Early, Iman Shumpert, JR Smith, Tim Hardaway Jr.",23,85,80,87,80,2863,2865,2,0,2,2
"21400100","ATL","Al Horford, DeMarre Carroll, Jeff Teague, Mike Scott, Thabo Sefolosha",24,67,72,67,72,2421,2421,0,0,0,0
"21400100","NYK","Amar'e Stoudemire, Carmelo Anthony, Cleanthony Early, Iman Shumpert, Tim Hardaway Jr.",24,87,80,87,80,2865,2865,0,0,0,0
"21400100","ATL","Al Horford, DeMarre Carroll, Jeff Teague, Paul Millsap, Thabo Sefolosha",25,67,72,71,73,2421,2575,4,1,3,154
"21400100","NYK","Amar'e Stoudemire, Carmelo Anthony, Cleanthony Early, Iman Shumpert, Jason Smith",25,87,80,87,80,2865,2865,0,0,0,0
"21400100","ATL","DeMarre Carroll, Jeff Teague, Kyle Korver, Paul Millsap, Thabo Sefolosha",26,71,73,71,73,2575,2575,0,0,0,0
"21400100","NYK","Amar'e Stoudemire, Carmelo Anthony, Cleanthony Early, Iman Shumpert, Tim Hardaway Jr.",26,87,80,87,80,2865,2865,0,0,0,0
"21400100","ATL","DeMarre Carroll, Kyle Korver, Paul Millsap, Pero Antic, Thabo Sefolosha",27,71,73,71,73,2575,2575,0,0,0,0
"21400100","NYK","Amar'e Stoudemire, Carmelo Anthony, Iman Shumpert, JR Smith, Tim Hardaway Jr.",27,87,80,87,83,2865,2868,0,3,-3,3
"21400100","ATL","DeMarre Carroll, Dennis Schroder, Kyle Korver, Paul Millsap, Pero Antic",28,71,73,74,75,2575,2717,3,2,1,142
"21400100","NYK","Amar'e Stoudemire, Carmelo Anthony, Cleanthony Early, Iman Shumpert, JR Smith",28,87,83,89,83,2868,2869,2,0,2,1
"21400100","ATL","Al Horford, DeMarre Carroll, Dennis Schroder, Kyle Korver, Paul Millsap",29,74,75,74,81,2717,2821,0,6,-6,104
"21400100","NYK","Amar'e Stoudemire, Carmelo Anthony, Iman Shumpert, JR Smith, Tim Hardaway Jr.",29,89,83,91,85,2869,2878,2,2,0,9
"21400100","ATL","Al Horford, DeMarre Carroll, Dennis Schroder, Paul Millsap, Thabo Sefolosha",30,74,81,76,81,2821,2825,2,0,2,4
"21400100","NYK","Carmelo Anthony, Iman Shumpert, Jason Smith, JR Smith, Tim Hardaway Jr.",30,91,85,91,85,2878,2880,0,0,0,2
"21400100","ATL","Al Horford, DeMarre Carroll, Dennis Schroder, Kyle Korver, Paul Millsap",31,76,81,76,83,2825,2847,0,2,-2,22
"21400100","ATL","Al Horford, DeMarre Carroll, Dennis Schroder, Paul Millsap, Thabo Sefolosha",32,76,83,80,85,2847,2863,4,2,2,16
"21400100","ATL","DeMarre Carroll, Dennis Schroder, Kyle Korver, Paul Millsap, Thabo Sefolosha",33,80,85,80,85,2863,2863,0,0,0,0
"21400100","ATL","DeMarre Carroll, Dennis Schroder, Kyle Korver, Paul Millsap, Pero Antic",34,80,85,80,87,2863,2865,0,2,-2,2
"21400100","ATL","DeMarre Carroll, Dennis Schroder, Paul Millsap, Pero Antic, Thabo Sefolosha",35,80,87,80,87,2865,2865,0,0,0,0
"21400100","ATL","Al Horford, DeMarre Carroll, Dennis Schroder, Paul Millsap, Thabo Sefolosha",36,80,87,83,87,2865,2868,3,0,3,3
"21400100","ATL","Al Horford, Dennis Schroder, Kyle Korver, Paul Millsap, Thabo Sefolosha",37,83,87,83,87,2868,2868,0,0,0,0
"21400100","ATL","Al Horford, Dennis Schroder, Kyle Korver, Paul Millsap, Pero Antic",38,83,87,83,89,2868,2869,0,2,-2,1
"21400100","ATL","Al Horford, DeMarre Carroll, Dennis Schroder, Kyle Korver, Paul Millsap",39,83,89,83,89,2869,2869,0,0,0,0
"21400100","ATL","Al Horford, Dennis Schroder, Kyle Korver, Paul Millsap, Thabo Sefolosha",40,83,89,85,91,2869,2880,2,2,0,11
"21400101","CHI","Derrick Rose, Jimmy Butler, Joakim Noah, Mike Dunleavy, Pau Gasol",0,0,0,18,13,0,490,18,13,5,490
"21400101","DET","Andre Drummond, Brandon Jennings, Greg Monroe, Josh Smith, Kentavious Caldwell-Pope",0,0,0,11,16,0,399,11,16,-5,399
"21400101","CHI","Jimmy Butler, Joakim Noah, Kirk Hinrich, Mike Dunleavy, Pau Gasol",1,18,13,18,13,490,490,0,0,0,0
"21400101","DET","Brandon Jennings, Caron Butler, Greg Monroe, Josh Smith, Kentavious Caldwell-Pope",1,11,16,18,25,399,617,7,9,-2,218
"21400101","CHI","Jimmy Butler, Kirk Hinrich, Mike Dunleavy, Pau Gasol, Taj Gibson",2,18,13,27,21,490,711,9,8,1,221
"21400101","DET","Brandon Jennings, Caron Butler, Josh Smith, Kentavious Caldwell-Pope, Kyle Singler",2,18,25,18,25,617,617,0,0,0,0
"21400101","CHI","Doug McDermott, Jimmy Butler, Kirk Hinrich, Pau Gasol, Taj Gibson",3,27,21,27,21,711,720,0,0,0,9
"21400101","DET","Andre Drummond, Brandon Jennings, Caron Butler, Josh Smith, Kyle Singler",3,18,25,21,27,617,720,3,2,1,103
"21400101","CHI","Aaron Brooks, Doug McDermott, Kirk Hinrich, Nikola Mirotic, Taj Gibson",4,27,21,40,35,720,1033,13,14,-1,313
"21400101","DET","Andre Drummond, Caron Butler, D.J. Augustin, Greg Monroe, Kyle Singler",4,21,27,35,40,720,1033,14,13,1,313
"21400101","CHI","Aaron Brooks, Doug McDermott, Jimmy Butler, Nikola Mirotic, Taj Gibson",5,40,35,40,35,1033,1033,0,0,0,0
"21400101","DET","Caron Butler, D.J. Augustin, Greg Monroe, Josh Smith, Kyle Singler",5,35,40,37,42,1033,1060,2,2,0,27
"21400101","CHI","Aaron Brooks, Doug McDermott, Jimmy Butler, Joakim Noah, Taj Gibson",6,40,35,40,35,1033,1033,0,0,0,0
"21400101","DET","D.J. Augustin, Greg Monroe, Josh Smith, Kentavious Caldwell-Pope, Kyle Singler",6,37,42,37,47,1060,1197,0,5,-5,137
"21400101","CHI","Derrick Rose, Doug McDermott, Jimmy Butler, Joakim Noah, Taj Gibson",7,40,35,40,35,1033,1033,0,0,0,0
"21400101","DET","Andre Drummond, D.J. Augustin, Josh Smith, Kentavious Caldwell-Pope, Kyle Singler",7,37,47,37,51,1197,1243,0,4,-4,46
"21400101","CHI","Derrick Rose, Jimmy Butler, Joakim Noah, Mike Dunleavy, Taj Gibson",8,40,35,42,37,1033,1060,2,2,0,27
"21400101","DET","Andre Drummond, Brandon Jennings, Josh Smith, Kentavious Caldwell-Pope, Kyle Singler",8,37,51,41,58,1243,1388,4,7,-3,145
"21400101","CHI","Derrick Rose, Jimmy Butler, Joakim Noah, Mike Dunleavy, Pau Gasol",9,42,37,71,59,1060,1898,29,22,7,838
"21400101","DET","Brandon Jennings, Greg Monroe, Josh Smith, Kentavious Caldwell-Pope, Kyle Singler",9,41,58,44,60,1388,1440,3,2,1,52
"21400101","CHI","Derrick Rose, Jimmy Butler, Mike Dunleavy, Pau Gasol, Taj Gibson",10,71,59,71,59,1898,1898,0,0,0,0
"21400101","DET","Andre Drummond, Brandon Jennings, Greg Monroe, Josh Smith, Kentavious Caldwell-Pope",10,44,60,59,71,1440,1927,15,11,4,487
"21400101","CHI","Jimmy Butler, Kirk Hinrich, Mike Dunleavy, Pau Gasol, Taj Gibson",11,71,59,73,60,1898,1957,2,1,1,59
"21400101","DET","Brandon Jennings, Caron Butler, Greg Monroe, Josh Smith, Kentavious Caldwell-Pope",11,59,71,63,75,1927,2006,4,4,0,79
"21400101","CHI","Aaron Brooks, Jimmy Butler, Kirk Hinrich, Pau Gasol, Taj Gibson",12,73,60,78,70,1957,2160,5,10,-5,203
"21400101","DET","Andre Drummond, Brandon Jennings, Caron Butler, Josh Smith, Kentavious Caldwell-Pope",12,63,75,70,78,2006,2160,7,3,4,154
"21400101","CHI","Aaron Brooks, Jimmy Butler, Joakim Noah, Kirk Hinrich, Taj Gibson",13,78,70,82,73,2160,2309,4,3,1,149
"21400101","DET","Andre Drummond, Caron Butler, D.J. Augustin, Greg Monroe, Kyle Singler",13,70,78,77,82,2160,2412,7,4,3,252
"21400101","CHI","Derrick Rose, Jimmy Butler, Joakim Noah, Kirk Hinrich, Taj Gibson",14,82,73,82,77,2309,2412,0,4,-4,103
"21400101","DET","Caron Butler, D.J. Augustin, Greg Monroe, Josh Smith, Kyle Singler",14,77,82,81,87,2412,2582,4,5,-1,170
"21400101","CHI","Derrick Rose, Jimmy Butler, Joakim Noah, Mike Dunleavy, Taj Gibson",15,82,77,87,81,2412,2582,5,4,1,170
"21400101","DET","Andre Drummond, Caron Butler, D.J. Augustin, Josh Smith, Kyle Singler",15,81,87,91,102,2582,2871,10,15,-5,289
"21400101","CHI","Derrick Rose, Jimmy Butler, Mike Dunleavy, Pau Gasol, Taj Gibson",16,87,81,95,88,2582,2764,8,7,1,182
"21400101","DET","Caron Butler, D.J. Augustin, Greg Monroe, Josh Smith, Kyle Singler",16,91,102,91,102,2871,2880,0,0,0,9
"21400101","CHI","Derrick Rose, Jimmy Butler, Joakim Noah, Mike Dunleavy, Pau Gasol",17,95,88,102,91,2764,2880,7,3,4,116
